1.000000000 0.000000000 0.000000000 0.000000000 0.000000000 1.000000000 0.000000000 0.000000000 0.000000000 0.000000000 1.000000000 0.000000000
0.999985754 0.001116317 0.005222161 0.000669147 -0.001101569 0.999995410 -0.002826181 0.015156168 -0.005225292 0.002820388 0.999982357 0.006855506
0.999941289 0.004812880 0.009711217 0.000528800 -0.004826536 0.999987423 0.001383286 0.034156233 -0.009704437 -0.001430076 0.999951899 0.014030522
0.999917567 0.005669305 0.011517943 0.000477654 -0.005802495 0.999916255 0.011563309 0.056085289 -0.011451420 -0.011629188 0.999866784 0.020409673
0.999915302 0.005550533 0.011766972 -0.000383258 -0.005831582 0.999695241 0.023986360 0.080298051 -0.011630247 -0.024052948 0.999642968 0.027309714
0.999933720 0.002186090 0.011298198 -0.001129659 -0.002570273 0.999414980 0.034102071 0.105254769 -0.011217038 -0.034128848 0.999354482 0.034169640
0.999928296 0.000877355 0.011940398 -0.002192459 -0.001368919 0.999149024 0.041222420 0.131776348 -0.011894071 -0.041235805 0.999078572 0.041130073
0.999928355 -0.003955350 0.011299759 -0.002976459 0.003427368 0.998918533 0.046368241 0.156345934 -0.011470942 -0.046326183 0.998860478 0.048052803
0.999925733 -0.006601430 0.010244488 -0.003408740 0.006082735 0.998737514 0.049862213 0.180900663 -0.010560716 -0.049796198 0.998703599 0.054194301
0.999929905 -0.007414684 0.009229357 -0.003965297 0.006903638 0.998504996 0.054223027 0.203926191 -0.009617605 -0.054155514 0.998486221 0.060065910
0.999943018 -0.005326409 0.009252839 -0.005021036 0.004765010 0.998206854 0.059670139 0.225377589 -0.009554073 -0.059622649 0.998175263 0.064908184
0.999951780 -0.000625104 0.009807889 -0.005751912 -0.000037249 0.997726798 0.067387640 0.245536014 -0.009827720 -0.067384742 0.997678697 0.069243006
0.999972343 0.000139140 0.007437282 -0.006514663 -0.000725080 0.996887028 0.078839719 0.263235807 -0.007403160 -0.078842923 0.996859550 0.071791276
0.999954402 0.004457462 0.008444081 -0.007016848 -0.005230677 0.995569825 0.093879282 0.279667199 -0.007988209 -0.093919173 0.995547771 0.074002624
0.999961615 0.004785025 0.007334492 -0.007893530 -0.005571926 0.993768513 0.111324087 0.291751415 -0.006756100 -0.111360684 0.993757129 0.075435221
0.999978244 0.002744037 0.005993679 -0.008378620 -0.003486032 0.991829336 0.127524272 0.298602074 -0.005594776 -0.127542406 0.991817355 0.076456577
0.999987781 0.002040956 0.004500489 -0.009564814 -0.002656424 0.989963233 0.141300052 0.297300667 -0.004166931 -0.141310319 0.989956558 0.074510232
0.999998987 0.000765642 0.001156304 -0.010156978 -0.000926587 0.989237607 0.146314919 0.287168682 -0.001031834 -0.146315873 0.989237368 0.070941843
0.999995768 0.002561256 0.001368299 -0.011210869 -0.002731689 0.989560723 0.144090667 0.269126385 -0.000984962 -0.144093812 0.989563465 0.065778658
0.999985576 0.004131848 0.003448364 -0.011805790 -0.004561945 0.990722775 0.135821655 0.244405881 -0.002855177 -0.135835424 0.990727365 0.060176123
0.999905109 0.010641110 0.008738587 -0.012916865 -0.011654248 0.992021859 0.125527173 0.213047326 -0.007333123 -0.125617102 0.992051661 0.053064756
0.999730587 0.016886476 0.015920227 -0.012992019 -0.018575478 0.993452907 0.112721495 0.178204671 -0.013912532 -0.112986818 0.993499041 0.046319045
0.999363422 0.023991322 0.026408315 -0.013303171 -0.026464306 0.994866967 0.097669423 0.139335692 -0.023929544 -0.098306119 0.994868457 0.038541269
0.998839498 0.031050736 0.036818862 -0.013187494 -0.033988357 0.996048808 0.082046673 0.101431228 -0.034125768 -0.083202869 0.995948136 0.031988375
0.998514116 0.035862125 0.041029561 -0.014363274 -0.038564432 0.997001529 0.067086712 0.062461443 -0.038500667 -0.068569310 0.996903121 0.023992125
0.998397887 0.038623724 0.041349471 -0.015995851 -0.040785771 0.997772455 0.052787501 0.026988449 -0.039218523 -0.054389406 0.997749269 0.016440306
0.998505652 0.037803810 0.039461389 -0.017884886 -0.039365850 0.998440266 0.039587274 -0.007407519 -0.037903290 -0.041081551 0.998436630 0.008949172
0.998533487 0.036118068 0.040328719 -0.019249653 -0.037205644 0.998954773 0.026550725 -0.039043956 -0.039327607 -0.028012242 0.998833656 0.001568322
0.998691261 0.030475548 0.041076306 -0.019678848 -0.030946344 0.999461949 0.010874620 -0.068086192 -0.040722795 -0.012131548 0.999096811 -0.004538182
0.998759985 0.027172199 0.041713793 -0.019372392 -0.026970822 0.999621749 -0.005382902 -0.093901560 -0.041844282 0.004251172 0.999115109 -0.011727310
0.998873353 0.022947701 0.041537423 -0.018896122 -0.022005511 0.999493301 -0.022999726 -0.116462141 -0.042044159 0.022059763 0.998872221 -0.018857405
0.998873711 0.024235792 0.040791661 -0.017987316 -0.022673622 0.999007821 -0.038332842 -0.130746707 -0.041680209 0.037364773 0.998432100 -0.023940183
0.998813689 0.024989678 0.041795440 -0.017334202 -0.022928357 0.998531103 -0.049091779 -0.138617873 -0.042960830 0.048075244 0.997919381 -0.026623037
0.998499453 0.029659497 0.046034850 -0.016719973 -0.027303912 0.998326361 -0.050981276 -0.140040174 -0.047469884 0.049647849 0.997638047 -0.028890491
0.998207092 0.035261016 0.048367325 -0.014953143 -0.032998316 0.998358727 -0.046808288 -0.129903480 -0.049938444 0.045128327 0.997732222 -0.027157735
0.997867227 0.041042998 0.050758615 -0.013161057 -0.039220229 0.998567402 -0.036399908 -0.112335995 -0.052179858 0.034331515 0.998047471 -0.024305418
0.997888803 0.038169682 0.052543938 -0.012090090 -0.036954764 0.999031007 -0.023902677 -0.090262532 -0.053405374 0.021910466 0.998332500 -0.017407255
0.998091877 0.035382334 0.050604068 -0.010189724 -0.034876920 0.999332845 -0.010836262 -0.063777089 -0.050953716 0.009050669 0.998660088 -0.009181431
0.998290777 0.030616296 0.049781363 -0.008549562 -0.030623252 0.999530852 -0.000623170 -0.034766600 -0.049777083 -0.000902363 0.998759985 -0.001602956
0.998251259 0.033413224 0.048763499 -0.006420660 -0.033778600 0.999406993 0.006687943 -0.002952305 -0.048511110 -0.008323409 0.998787940 0.007523561
0.998497427 0.029877270 0.045938388 -0.003653595 -0.030374724 0.999486864 0.010169024 0.029141193 -0.045610990 -0.011549110 0.998892486 0.017074335
0.998769820 0.029391060 0.039937619 -0.002067254 -0.029939191 0.999464631 0.013196412 0.061693303 -0.039528377 -0.014375875 0.999115050 0.024220293
0.998896062 0.028242601 0.037535578 -0.000521678 -0.028923765 0.999424279 0.017729592 0.095247857 -0.037013244 -0.018795691 0.999137998 0.031895451
0.999113262 0.024067935 0.034547705 -0.000764728 -0.025021844 0.999309897 0.027449779 0.128085911 -0.033863205 -0.028289877 0.999026000 0.039108004
0.999026120 0.021330653 0.038624715 0.000075100 -0.022898577 0.998912334 0.040617056 0.160626009 -0.037716322 -0.041461948 0.998427927 0.046549682
0.998945713 0.017249571 0.042542912 0.000232018 -0.019639011 0.998214841 0.056402482 0.190100700 -0.041494049 -0.057178520 0.997501254 0.053136826
0.998784304 0.017186137 0.046201438 -0.000039851 -0.020577786 0.997048318 0.073966555 0.216033533 -0.044793878 -0.074827358 0.996189892 0.058617383
0.998783827 0.018682344 0.045628697 -0.000555467 -0.022791017 0.995566785 0.091253527 0.237451106 -0.043721583 -0.092182450 0.994781792 0.063332178
0.998983204 0.017007384 0.041753430 -0.001907247 -0.021350475 0.994149566 0.105880782 0.252715141 -0.039708398 -0.106664576 0.993501782 0.065276809
0.999116838 0.017560981 0.038173206 -0.002951727 -0.021932263 0.992855370 0.117291249 0.261068314 -0.035840720 -0.118024878 0.992363572 0.066631757
0.999225795 0.016831690 0.035560727 -0.004118592 -0.021134365 0.992017984 0.124313146 0.260552227 -0.033184480 -0.124968439 0.991605639 0.066221640
0.999290824 0.017922487 0.033115536 -0.005810995 -0.021984069 0.991701424 0.126669466 0.250714123 -0.030570487 -0.127307639 0.991392136 0.063682489
0.999390960 0.016175957 0.030920772 -0.007778055 -0.019813254 0.992430031 0.121202663 0.232965931 -0.028726134 -0.121741474 0.992146075 0.059668675
0.999408305 0.016375193 0.030246355 -0.010349680 -0.019572563 0.993888915 0.108636655 0.209197581 -0.028282560 -0.109164380 0.993621349 0.053141139
0.999389589 0.016411627 0.030838773 -0.012707305 -0.019213103 0.995493710 0.092860490 0.181736425 -0.029175814 -0.093396328 0.995201349 0.045916013
0.999212921 0.020608593 0.033894788 -0.014118083 -0.023276417 0.996499181 0.080297008 0.150790095 -0.032121323 -0.081022754 0.996194422 0.038749322
0.999066174 0.021788800 0.037309263 -0.015286164 -0.024371438 0.997233212 0.070228279 0.118764989 -0.035675839 -0.071071982 0.996832967 0.031509515
0.998713553 0.026775647 0.043060645 -0.014987308 -0.029499168 0.997519672 0.063909516 0.086719684 -0.041242618 -0.065097556 0.997026205 0.024499018
0.998472869 0.026859976 0.048273981 -0.014761232 -0.029708957 0.997797847 0.059302304 0.053722020 -0.046574820 -0.060645916 0.997072160 0.016626323
0.998379886 0.025866827 0.050678708 -0.014538909 -0.028625179 0.998104513 0.054480750 0.021422157 -0.049173404 -0.055843182 0.997227967 0.008696680
0.998231828 0.022517672 0.055010840 -0.013933673 -0.025163386 0.998535872 0.047884896 -0.011655111 -0.053852040 -0.049184490 0.997336924 0.001396211
0.997967541 0.017421801 0.061296269 -0.012294643 -0.019785700 0.999075234 0.038171884 -0.042580135 -0.060574569 -0.039307088 0.997389376 -0.005061622
0.997438312 0.013634091 0.070221581 -0.010275170 -0.015368603 0.999588668 0.024219807 -0.073838323 -0.069862477 -0.025236968 0.997237384 -0.011788241
0.997032940 0.009000343 0.076447621 -0.008618250 -0.009660107 0.999919295 0.008264909 -0.104289524 -0.076367065 -0.008978879 0.997039378 -0.019459825
0.996737301 0.009247194 0.080181926 -0.007711001 -0.008573504 0.999925077 -0.008742192 -0.129678547 -0.080256760 0.008026229 0.996741951 -0.027202854
0.996458113 0.009714339 0.083527349 -0.005744729 -0.007620011 0.999649465 -0.025355946 -0.149962217 -0.083744362 0.024629653 0.996182859 -0.033076752
0.996434569 0.012721206 0.083404496 -0.005757133 -0.009736809 0.999301016 -0.036091857 -0.162426531 -0.083805338 0.035151079 0.995862007 -0.040052991
0.996276736 0.014694920 0.084950216 -0.003976414 -0.011279208 0.999113917 -0.040549468 -0.168273807 -0.085470788 0.039440315 0.995559752 -0.041799527
0.995849252 0.019198615 0.088969812 -0.003177677 -0.015592664 0.999035418 -0.041049369 -0.165348455 -0.089672066 0.039491706 0.995188117 -0.039547317
0.995685756 0.022842389 0.089933403 -0.002497527 -0.019418992 0.999059916 -0.038758706 -0.154199004 -0.090734199 0.036845073 0.995193303 -0.036654431
0.995819449 0.024596496 0.087969303 -0.000940458 -0.021569315 0.999147594 -0.035198484 -0.136849210 -0.088760063 0.033153892 0.995501161 -0.030639306
0.995943844 0.024655260 0.086532794 -0.000404848 -0.022021197 0.999268651 -0.031263880 -0.115349427 -0.087240316 0.029231513 0.995758235 -0.024840513
0.996052027 0.025258103 0.085102968 0.000611888 -0.023099376 0.999388397 -0.026256103 -0.089921020 -0.085714094 0.024186613 0.996026158 -0.017243810
0.996492326 0.023270780 0.080383070 0.003287621 -0.021592902 0.999531806 -0.021680191 -0.060302015 -0.080849938 0.019868439 0.996528208 -0.006379386
0.996785343 0.026421817 0.075635336 0.005880400 -0.025323469 0.999559939 -0.015444236 -0.027487902 -0.076010115 0.013479234 0.997015893 0.003166776
0.996990263 0.027041424 0.072657689 0.007479093 -0.026489493 0.999612510 -0.008549406 0.004431958 -0.072860725 0.006599010 0.997320294 0.012997000
0.996915400 0.030848492 0.072165810 0.009834629 -0.030937105 0.999521375 0.000110195 0.038960636 -0.072127871 -0.002342457 0.997392654 0.022608880
0.996445656 0.033810541 0.077154681 0.012031668 -0.034793176 0.999329269 0.011426954 0.073260851 -0.076716579 -0.014070794 0.996953666 0.032731105
0.997002542 0.029779827 0.071407795 0.012674639 -0.031873927 0.999089241 0.028367706 0.105970293 -0.070497967 -0.030558724 0.997043729 0.040762484
0.997461677 0.020862056 0.068080328 0.012928793 -0.024259100 0.998481452 0.049458411 0.139267877 -0.066945150 -0.050984442 0.996453166 0.047097038
0.997902930 0.011631203 0.063675806 0.013430971 -0.016232673 0.997255743 0.072230704 0.169153422 -0.062660947 -0.073112845 0.995353222 0.054400615
0.998002052 0.005899217 0.062904075 0.013945829 -0.011757063 0.995581269 0.093164504 0.195761055 -0.062076531 -0.093717948 0.993661582 0.059994332
0.998030305 0.003864952 0.062613659 0.014481546 -0.010622730 0.994098663 0.107958294 0.220349833 -0.061826892 -0.108410776 0.992181659 0.065069333
0.997926891 0.009184581 0.063699089 0.015185082 -0.016682025 0.992851019 0.118188836 0.241829842 -0.062158190 -0.119006440 0.990945876 0.069675423
0.997986138 0.015754431 0.061444014 0.014892506 -0.023335312 0.991921961 0.124685109 0.258937299 -0.058983322 -0.125867844 0.990291953 0.072565943
0.998296142 0.018805509 0.055237342 0.014081568 -0.025718525 0.991538703 0.127238452 0.270554662 -0.052377179 -0.128442287 0.990332901 0.073654093
0.998628914 0.020675763 0.048093665 0.012379399 -0.026645618 0.991544068 0.127005264 0.275657296 -0.045061059 -0.128112614 0.990735412 0.072890036
0.998901665 0.020669740 0.042050879 0.011045999 -0.025879290 0.991516173 0.127380997 0.273097873 -0.039061196 -0.128329322 0.990962088 0.071519569
0.999044001 0.021593977 0.038012601 0.009727236 -0.026282910 0.991486907 0.127527177 0.263441086 -0.034935184 -0.128404289 0.991106391 0.068795845
0.999063551 0.023028852 0.036629498 0.008718512 -0.027517930 0.991495669 0.127196804 0.246464714 -0.033388797 -0.128085628 0.991200984 0.065173022
0.999040425 0.023851579 0.036731534 0.007135794 -0.028248033 0.991849244 0.124246404 0.224222973 -0.033468660 -0.125164792 0.991571307 0.060196538
0.999017835 0.024203690 0.037113708 0.005854501 -0.028498273 0.992372751 0.119934268 0.198141485 -0.033927783 -0.120874159 0.992087960 0.054226931
0.998810828 0.027991548 0.039915677 0.004600267 -0.032474991 0.992659330 0.116503157 0.168516845 -0.036361560 -0.117660880 0.992387891 0.048384257
0.998240590 0.034860101 0.047963470 0.004668511 -0.040067449 0.992868245 0.112282701 0.135575846 -0.043707214 -0.114006929 0.992518067 0.042961471
0.997731924 0.039837059 0.054258507 0.005698439 -0.045407377 0.993367791 0.105633922 0.100756511 -0.049690522 -0.107858077 0.992923617 0.036981240
0.997449040 0.041820560 0.057847470 0.005746426 -0.047221813 0.994318783 0.095395535 0.064922385 -0.053529322 -0.097883850 0.993757248 0.030573327
0.997284412 0.040678237 0.061392620 0.004762375 -0.045653932 0.995590329 0.081949733 0.028316529 -0.057788320 -0.084530011 0.994743764 0.025448538
0.997018695 0.039880570 0.066055223 0.004432660 -0.044136629 0.996955574 0.064277917 -0.007827055 -0.063290671 -0.067001745 0.995743454 0.019616907
0.996581912 0.037900314 0.073403239 0.003705677 -0.041171182 0.998201609 0.043571744 -0.044390619 -0.071619846 -0.046444904 0.996350050 0.011973724
0.996097267 0.038505610 0.079419345 0.002535690 -0.040355995 0.998946965 0.021826414 -0.078065448 -0.078495264 -0.024946280 0.996602297 0.004251787
0.995530605 0.037986621 0.086462326 0.002166202 -0.038256656 0.999266863 0.001467738 -0.107581995 -0.086343192 -0.004768938 0.996254027 -0.003095164
0.995217383 0.038600150 0.089735553 0.001579155 -0.037397016 0.999187171 -0.015051058 -0.136008948 -0.090243571 0.011623235 0.995851934 -0.011313663
0.995190620 0.034654263 0.091622204 0.000410766 -0.032162655 0.999075294 -0.028532883 -0.158503413 -0.092526272 0.025448849 0.995384932 -0.018481633
0.995358884 0.032283641 0.090655692 -0.001053641 -0.028918004 0.998851776 -0.038197104 -0.175861999 -0.091784731 0.035398241 0.995149553 -0.025654074
0.995359421 0.026099073 0.092620201 -0.002669899 -0.022239210 0.998850405 -0.042464476 -0.187892616 -0.093622021 0.040207613 0.994795620 -0.028675128
0.995100200 0.023801435 0.095964372 -0.002224421 -0.019819748 0.998911083 -0.042233266 -0.189714611 -0.096865103 0.040124342 0.994488418 -0.027886454
0.994828224 0.021010455 0.099375352 -0.001757344 -0.017220754 0.999096990 -0.038840558 -0.187009826 -0.100101657 0.036928374 0.994291782 -0.025996517
0.994760036 0.020101711 0.100242242 -0.003359556 -0.016743666 0.999273658 -0.034229014 -0.177867651 -0.100857489 0.032371238 0.994374156 -0.023464903
0.994296551 0.018756315 0.104988910 -0.001430888 -0.015797844 0.999456346 -0.028940022 -0.161617294 -0.105474636 0.027116377 0.994052231 -0.016176075
0.993662655 0.019675491 0.110668883 0.000604704 -0.017256426 0.999591708 -0.022774277 -0.141942829 -0.111071780 0.020720202 0.993596435 -0.008078652
0.992820919 0.025369911 0.116888687 0.003343593 -0.023664461 0.999592662 -0.015955400 -0.120384134 -0.117245853 0.013074743 0.993016839 -0.003658363
0.992139697 0.030616889 0.121332243 0.006495426 -0.029557317 0.999507725 -0.010523457 -0.096298642 -0.121594697 0.006854497 0.992556214 0.007031406
0.991513610 0.039189938 0.123955324 0.008553611 -0.038948413 0.999231696 -0.004372092 -0.070499025 -0.124031425 -0.000492875 0.992278218 0.013285335
0.991224051 0.043060210 0.124982193 0.011627180 -0.043751355 0.999038637 0.002789110 -0.044632018 -0.124741927 -0.008232774 0.992155015 0.022314446
0.991865754 0.046271536 0.118579976 0.014567311 -0.048027594 0.998774052 0.011992970 -0.017966369 -0.117879681 -0.017590530 0.992872059 0.030642066
0.992362678 0.048055317 0.113609269 0.015569160 -0.050955925 0.998441458 0.022765141 0.007708247 -0.112338208 -0.028380342 0.993264675 0.034981463
0.993601799 0.048710100 0.101895705 0.017222282 -0.052511849 0.998008013 0.034965105 0.032026596 -0.099989571 -0.040092126 0.994180501 0.037800748
0.994937420 0.047348719 0.088642515 0.018561091 -0.051704437 0.997532010 0.047503304 0.054808855 -0.086174525 -0.051846027 0.994930089 0.038754545
0.996146560 0.043085411 0.076390356 0.018215964 -0.047826398 0.996969223 0.061359465 0.073509514 -0.073515147 -0.064776495 0.995188177 0.037343431
0.997287452 0.036903247 0.063686073 0.018185424 -0.041750450 0.996192038 0.076539040 0.088255502 -0.060619023 -0.078990348 0.995030582 0.034128927
0.997977674 0.030563725 0.055732999 0.018266363 -0.035646670 0.995063663 0.092615366 0.098693088 -0.052627213 -0.094414778 0.994140923 0.030615903
0.998656213 0.022207843 0.046825103 0.017259840 -0.027188627 0.993716955 0.108569548 0.106606111 -0.044119801 -0.109696776 0.992985427 0.025983311
0.999126971 0.014504197 0.039177932 0.016812000 -0.019383686 0.991688728 0.127191782 0.110970609 -0.037007496 -0.127840161 0.991104126 0.021159541
0.999394476 0.007928072 0.033880107 0.016214170 -0.012798138 0.989195466 0.146043703 0.113004424 -0.032356203 -0.146388873 0.988697827 0.016112080
0.999406576 0.003152898 0.034300875 0.015985191 -0.008846608 0.985894024 0.167136669 0.114056900 -0.033290070 -0.167340919 0.985336840 0.011943717
0.999174893 -0.002239145 0.040555540 0.015774434 -0.005550035 0.981587470 0.190932497 0.114106014 -0.040236339 -0.191000015 0.980764985 0.008454198
0.998547912 -0.005593914 0.053580560 0.016178006 -0.006079345 0.976540148 0.215249628 0.114040658 -0.053527664 -0.215262800 0.975088060 0.005690956
0.997759521 -0.011452100 0.065915175 0.015137283 -0.004490416 0.971555412 0.236769572 0.112868220 -0.066751741 -0.236535072 0.969327271 0.002939496
0.996944249 -0.017602500 0.076108240 0.012871098 -0.002394701 0.966937184 0.255003870 0.111687914 -0.078080580 -0.254406869 0.963940203 0.000234598
0.996506155 -0.023206104 0.080230460 0.010142145 0.000492509 0.962239563 0.272203863 0.109877959 -0.083517700 -0.271213293 0.958889067 -0.003778907
0.996352851 -0.027500425 0.080777712 0.007963474 0.002847471 0.956832111 0.290627182 0.109107390 -0.085283086 -0.289337188 0.953420639 -0.008497467
0.996089399 -0.034127880 0.081493817 0.005939521 0.007230765 0.950779021 0.309785277 0.108283944 -0.088054918 -0.307984561 0.947307646 -0.014050242
0.995813131 -0.039541032 0.082419597 0.004818361 0.010209039 0.944074452 0.329574317 0.108778909 -0.090841942 -0.327353001 0.940525234 -0.019320328
0.995553970 -0.047140896 0.081548594 0.004390212 0.015731914 0.936809599 0.349485695 0.108755596 -0.092870571 -0.346648932 0.933386028 -0.025388241
0.995566905 -0.047837492 0.080984071 0.004689943 0.014760393 0.929796338 0.367778122 0.110053800 -0.092892267 -0.364952326 0.926380455 -0.031463057
0.995629132 -0.047368668 0.080492646 0.005909974 0.012947514 0.923521578 0.383327782 0.110613912 -0.092494421 -0.380610079 0.920098066 -0.037371941
0.995934367 -0.046156161 0.077359609 0.008256131 0.011855557 0.918450356 0.395358622 0.110416196 -0.089299195 -0.392834008 0.915263295 -0.042339385
0.996179819 -0.045524091 0.074521370 0.011379455 0.011724385 0.915364325 0.402455628 0.109035723 -0.086535618 -0.400044382 0.912401259 -0.045872375
0.996139944 -0.046946567 0.074171230 0.015745513 0.013064860 0.914847970 0.403586954 0.106725059 -0.086802423 -0.401059985 0.911929905 -0.047917251
0.996307075 -0.046252653 0.072340988 0.020282047 0.013547757 0.916638851 0.399486572 0.104193911 -0.084787868 -0.397031218 0.913880289 -0.048939988
0.996589482 -0.047089741 0.067765690 0.024474146 0.016776567 0.919665515 0.392344028 0.102354288 -0.080797143 -0.389868915 0.917318940 -0.048861120
0.996855736 -0.046802595 0.063940860 0.029357426 0.018647347 0.922827363 0.384761959 0.100356065 -0.077014238 -0.382359743 0.920798540 -0.047468655
0.997073531 -0.044222027 0.062361471 0.032903619 0.017460069 0.925883889 0.377404392 0.099912152 -0.074429065 -0.375211060 0.923946381 -0.045769326
0.997436404 -0.038622040 0.060242727 0.034576453 0.013455763 0.928056180 0.372196943 0.099716790 -0.070283651 -0.370432109 0.926196635 -0.043638270
0.997782767 -0.035791945 0.056112707 0.035905022 0.012671793 0.929829419 0.367772430 0.099370927 -0.065338537 -0.366245896 0.928221345 -0.041624144
0.998190522 -0.028947398 0.052705690 0.036572613 0.007677077 0.930678189 0.365758091 0.098489508 -0.059639774 -0.364691585 0.929216385 -0.039294321
0.998372018 -0.026313616 0.050606325 0.037333693 0.005902414 0.930126727 0.367191166 0.097517744 -0.056732431 -0.366294622 0.928767800 -0.036910821
0.998562634 -0.022447705 0.048672691 0.039009925 0.002776612 0.928521931 0.371267051 0.096804582 -0.053527761 -0.370598257 0.927249491 -0.034395266
0.998665512 -0.019281674 0.047911387 0.042012241 -0.000121067 0.926815987 0.375515670 0.096173428 -0.051645607 -0.375020295 0.925576806 -0.032040901
0.998736918 -0.018482195 0.046726227 0.045860786 -0.000562388 0.925729573 0.378185689 0.095541485 -0.050245561 -0.377734244 0.924549699 -0.029079681
0.998685479 -0.019898297 0.047240164 0.051611893 0.000454383 0.924981833 0.380010992 0.095013916 -0.051257871 -0.379489899 0.923774779 -0.026062526
0.998619497 -0.022425571 0.047499772 0.059631478 0.002643839 0.924597025 0.380937278 0.094341561 -0.052460879 -0.380285740 0.923380017 -0.022843460
0.998460412 -0.024271540 0.049878456 0.068975605 0.003330296 0.923797369 0.382867068 0.093056150 -0.055370361 -0.382111460 0.922455907 -0.019390447
0.998287201 -0.026790526 0.052009497 0.079949938 0.004784458 0.923397481 0.383815289 0.092187658 -0.058308043 -0.382909030 0.921944082 -0.016693426
0.998085976 -0.031286880 0.053343512 0.092460953 0.008271461 0.922368944 0.386221617 0.090910792 -0.061286069 -0.385041177 0.920862377 -0.013757894
0.997916222 -0.035923731 0.053598221 0.107047215 0.012343986 0.921625018 0.387885123 0.089990541 -0.063331738 -0.386415213 0.920148134 -0.011282094
0.997719288 -0.040063739 0.054325003 0.123290181 0.015829096 0.921235979 0.388682187 0.088776872 -0.065618210 -0.386935771 0.919768929 -0.009499896
0.997370958 -0.044311948 0.057338964 0.140548751 0.018612903 0.921356678 0.388272464 0.086874738 -0.070034735 -0.386184394 0.919759154 -0.007221721
0.996951640 -0.048621230 0.061021201 0.158648744 0.021489348 0.922952652 0.384313166 0.084872201 -0.075005457 -0.381830245 0.921184003 -0.004873320
0.996387959 -0.053792868 0.065706871 0.177613333 0.025043873 0.925499856 0.377919048 0.082491651 -0.081141032 -0.374908477 0.923504114 -0.002505418
0.995610535 -0.060348157 0.071539640 0.196467832 0.029609766 0.928195000 0.370914191 0.080205418 -0.088786721 -0.367167771 0.925907612 0.000509150
0.994807363 -0.064804547 0.078477480 0.215321139 0.031652592 0.929840863 0.366598040 0.077761911 -0.096728772 -0.362210393 0.927063763 0.002541151
0.994008064 -0.070231393 0.083758906 0.233977214 0.034963887 0.930303395 0.365120858 0.076699011 -0.103564151 -0.360004544 0.927184522 0.004414558
0.993132472 -0.073983587 0.090633191 0.251482934 0.035748690 0.929518461 0.367038965 0.077236839 -0.111400068 -0.361278325 0.925779641 0.006338332
0.992117107 -0.077779353 0.098255038 0.269178003 0.035585802 0.926655293 0.374223828 0.077969134 -0.120155446 -0.367777348 0.922118485 0.007782780
0.990911484 -0.080423526 0.107826084 0.285635024 0.032987572 0.922397852 0.384830058 0.079306588 -0.130407929 -0.377775639 0.916667521 0.009285420
0.989655137 -0.086604372 0.114377990 0.300141811 0.034846708 0.918476224 0.393937916 0.081202447 -0.139170200 -0.385877013 0.911992610 0.010722287
0.989300966 -0.089758754 0.115009084 0.313189030 0.036513500 0.915579259 0.400476396 0.083125070 -0.141246200 -0.391992241 0.909060836 0.012022652
0.989177823 -0.089079544 0.116584420 0.324350387 0.034623500 0.913879335 0.404506564 0.084374040 -0.142577350 -0.396092385 0.907073557 0.012134127
0.989355803 -0.088684544 0.115369879 0.333730102 0.034680475 0.913683712 0.404943556 0.086298436 -0.141323805 -0.396632195 0.907033920 0.013101190
0.989482284 -0.089007944 0.114027716 0.340507329 0.035754457 0.914310575 0.403432608 0.087733723 -0.140165448 -0.395112395 0.907876551 0.013936110
0.989677668 -0.090338327 0.111252055 0.345204979 0.038586602 0.915604174 0.400225043 0.088781096 -0.138018504 -0.391800970 0.909638941 0.014501892
0.990034103 -0.089876242 0.108418480 0.347384572 0.039789919 0.917023301 0.396844000 0.089775473 -0.135089085 -0.388575196 0.911460578 0.014945701
0.990050435 -0.092211209 0.106288306 0.348193914 0.043232087 0.918155074 0.393855631 0.090548597 -0.133907050 -0.385341883 0.913006246 0.014707863
0.989951730 -0.093406647 0.106163092 0.346578687 0.044537757 0.918524086 0.392848492 0.091203138 -0.134208009 -0.384172857 0.913454711 0.014273033
0.989653170 -0.092568435 0.109624580 0.343331039 0.042280130 0.918264389 0.393703997 0.091495469 -0.137108877 -0.384995490 0.912677169 0.013216019
0.989513218 -0.091359913 0.111878514 0.337839663 0.040272228 0.918343663 0.393729687 0.090517022 -0.138714030 -0.385095179 0.912392557 0.011925735
0.989566386 -0.090947136 0.111745156 0.329625398 0.040086213 0.918760657 0.392774820 0.089371219 -0.138388798 -0.384197295 0.912820280 0.009949632
0.989798903 -0.089890614 0.110533066 0.319468319 0.039693050 0.919102550 0.392014265 0.088061422 -0.136829585 -0.383627951 0.913294733 0.007602349
0.990240633 -0.090413637 0.106060430 0.307730973 0.041819230 0.918705463 0.392723233 0.087955512 -0.132945836 -0.384455144 0.913520455 0.004864998
0.990971088 -0.087077312 0.101949364 0.294145614 0.040017687 0.917827725 0.394956857 0.088835545 -0.127963707 -0.387311071 0.913025379 0.002020068
0.991540313 -0.085125186 0.097987644 0.279362798 0.039395429 0.916670024 0.397698641 0.089682683 -0.123676486 -0.390473962 0.912268758 -0.000176217
0.992073715 -0.083761387 0.093668304 0.262573183 0.039690278 0.916145861 0.398875237 0.090698153 -0.119224176 -0.391995847 0.912208796 -0.002354193
0.992674351 -0.082753778 0.088031814 0.244592890 0.041028127 0.916197896 0.398620337 0.091290861 -0.113641873 -0.392088413 0.912881315 -0.004187990
0.993317604 -0.079744041 0.083432920 0.225128129 0.040311512 0.917098284 0.396617860 0.091854267 -0.108144097 -0.390604168 0.914184511 -0.006423954
0.994021893 -0.076020285 0.078367323 0.204613611 0.039296769 0.918777525 0.392815173 0.091574945 -0.101864047 -0.387387276 0.916272342 -0.009462815
0.994719863 -0.072312459 0.072823830 0.183108777 0.038533699 0.920840025 0.388032079 0.090540446 -0.095118649 -0.383176982 0.918764293 -0.013123490
0.995463669 -0.066686772 0.067859739 0.161255956 0.035735648 0.923092186 0.382914782 0.089602038 -0.088176146 -0.378752679 0.921287894 -0.015937461
0.995920658 -0.063777223 0.063832253 0.138779536 0.034991227 0.925025761 0.378289729 0.087855883 -0.083172746 -0.374513000 0.923483789 -0.019348256
0.996294737 -0.061728433 0.059887689 0.115632690 0.034757826 0.925911605 0.376137972 0.086246811 -0.078669116 -0.372662663 0.924626291 -0.021989165
0.996682405 -0.058981676 0.056084849 0.091978848 0.033640504 0.926005006 0.376009345 0.085667290 -0.074112520 -0.372875094 0.924917042 -0.024565767
0.997205675 -0.053851541 0.051776655 0.067508310 0.030319590 0.925182223 0.378309995 0.085567310 -0.068275407 -0.375682980 0.924229860 -0.027217332
0.997640252 -0.050550800 0.046460368 0.043304540 0.028978392 0.923484921 0.382538795 0.086186431 -0.062243082 -0.380289733 0.922770619 -0.029786918
0.998034537 -0.045101080 0.043507073 0.018785335 0.024871012 0.922333062 0.385594547 0.087844685 -0.057518743 -0.383754611 0.921642005 -0.031266123
0.998290300 -0.040363971 0.042276103 -0.005413498 0.020896014 0.921927214 0.386799008 0.088519372 -0.054588240 -0.385254294 0.921194375 -0.033397838
0.998460114 -0.038394555 0.040039666 -0.029273298 0.020034643 0.922642946 0.385134608 0.089848831 -0.051729385 -0.383739412 0.921991348 -0.035083830
0.998631120 -0.037000399 0.036971726 -0.053454764 0.020061534 0.923714757 0.382555455 0.091635287 -0.048306026 -0.381290078 0.923192501 -0.036450289
0.998799920 -0.034238614 0.035021283 -0.077153765 0.018383652 0.924851239 0.379884422 0.093588956 -0.045396194 -0.378784716 0.924370766 -0.038162023
0.998993278 -0.031423006 0.032013711 -0.100384384 0.017005311 0.925673842 0.377940029 0.094935969 -0.041510269 -0.377015173 0.925276339 -0.040143397
0.999130785 -0.029325398 0.029621355 -0.123277143 0.016025582 0.926284194 0.376484931 0.097022429 -0.038478352 -0.375683010 0.925949097 -0.041611873
0.999355435 -0.027106551 0.023536351 -0.146327615 0.016224552 0.925890982 0.377442360 0.099159747 -0.032023259 -0.376817226 0.925733864 -0.043134592
0.999584615 -0.024157362 0.015717799 -0.167917952 0.016350081 0.924429953 0.381001264 0.102191560 -0.023733987 -0.380585939 0.924440920 -0.044549014
0.999751270 -0.020347733 0.009124301 -0.187875882 0.015227109 0.921829343 0.387296915 0.105260536 -0.016291661 -0.387061656 0.921909928 -0.045976739
0.999830663 -0.018401496 0.000206714 -0.205674380 0.016841374 0.919475079 0.392787576 0.108955361 -0.007417950 -0.392717540 0.919629157 -0.046901893
0.999811471 -0.017077692 -0.009246044 -0.222062036 0.019343460 0.917987823 0.396136492 0.111849129 0.001722659 -0.396240562 0.918145061 -0.048208423
0.999709487 -0.015550396 -0.018410839 -0.236358166 0.021560043 0.918443501 0.394964039 0.114502952 0.010767471 -0.395246178 0.918512106 -0.049409255
0.999599278 -0.013918195 -0.024644282 -0.248581260 0.022437278 0.920434177 0.390253007 0.115038157 0.017251821 -0.390649587 0.920377731 -0.050729234
0.999450862 -0.012431626 -0.030713815 -0.258559167 0.023284415 0.922996283 0.384103328 0.115408354 0.023573713 -0.384607583 0.922779083 -0.051766414
0.999287605 -0.011937967 -0.035800934 -0.266112149 0.024584735 0.925662100 0.377551615 0.115239419 0.028632369 -0.378162771 0.925296187 -0.052659843
0.999226689 -0.010330059 -0.037936781 -0.269859046 0.023775918 0.927220225 0.373761147 0.114661135 0.031314772 -0.374374151 0.926748812 -0.053633176
0.999239683 -0.008526775 -0.038041946 -0.270178199 0.022093914 0.927819908 0.372373313 0.114081524 0.032120932 -0.372930765 0.927303076 -0.055106800
0.999332309 -0.006385913 -0.035971623 -0.267544091 0.019374132 0.927387714 0.373599529 0.113677137 0.030973867 -0.374047011 0.926892340 -0.056442797
0.999480784 -0.006517444 -0.031554446 -0.261809438 0.017899865 0.926614583 0.375585914 0.113085233 0.026790954 -0.375955760 0.926250279 -0.057605844
0.999647319 -0.005979842 -0.025874775 -0.253227413 0.015292611 0.926181138 0.376768559 0.112450108 0.021711713 -0.377031386 0.925945938 -0.058829896
0.999815106 -0.006474205 -0.018102739 -0.241727740 0.012821371 0.926167965 0.376893252 0.111118704 0.014326089 -0.377055734 0.926079690 -0.059838206
0.999924660 -0.005549824 -0.010938047 -0.227569655 0.009247718 0.926946700 0.375078678 0.109226383 0.008057364 -0.375151664 0.926928341 -0.061559919
0.999978781 -0.005735476 -0.003086029 -0.211747319 0.006471915 0.928187430 0.372056544 0.107372537 0.000730491 -0.372068644 0.928204954 -0.063107051
0.999975681 -0.006470530 0.002576547 -0.193710148 0.005064708 0.929532588 0.368705213 0.105849415 -0.004780705 -0.368683219 0.929542840 -0.064113766
0.999931872 -0.007094730 0.009270886 -0.174749821 0.003203073 0.930399716 0.366532594 0.104746267 -0.011226080 -0.366477937 0.930359066 -0.064626947
0.999857128 -0.008505091 0.014602673 -0.153864577 0.002551130 0.930181384 0.367091209 0.103458099 -0.016705276 -0.367001504 0.930070341 -0.064780429
0.999725640 -0.012661442 0.019700371 -0.132381499 0.004473951 0.929006636 0.370035887 0.102455020 -0.022986963 -0.369846255 0.928808510 -0.064733431
0.999644041 -0.016990656 0.020566266 -0.110243656 0.008036930 0.926934719 0.375136614 0.101990916 -0.025437403 -0.374837816 0.926741362 -0.063902348
0.999524295 -0.021653043 0.021958787 -0.087080300 0.011660487 0.924541056 0.380903870 0.101835743 -0.028549531 -0.380466700 0.924353719 -0.063163482
0.999398887 -0.024870032 0.024151240 -0.063323170 0.013623846 0.922373414 0.386058867 0.101423807 -0.031877767 -0.385497838 0.922157943 -0.061840486
0.999270737 -0.026032778 0.027933553 -0.039550837 0.013156482 0.921502650 0.388149202 0.101563945 -0.035845447 -0.387498677 0.921173096 -0.060083337
0.999234200 -0.027210448 0.028114600 -0.015610247 0.014166880 0.921430230 0.388285577 0.101721644 -0.036471069 -0.387589991 0.921110153 -0.057780541
0.999252439 -0.028559251 0.026056767 0.007518305 0.016262461 0.921985567 0.386882663 0.101178683 -0.035073038 -0.386169702 0.921760678 -0.055880543
0.999264121 -0.030037347 0.023851780 0.030255027 0.018536104 0.922604501 0.385301620 0.100841597 -0.033579193 -0.384575993 0.922482371 -0.053360429
0.999170661 -0.033335950 0.023383938 0.052080125 0.021753579 0.922443032 0.385520190 0.099890143 -0.034422033 -0.384691745 0.922403038 -0.051234499
0.999087274 -0.035352409 0.023974504 0.073115490 0.023334775 0.921831071 0.386888832 0.099386573 -0.035777897 -0.385976344 0.921814561 -0.048669737
0.998920381 -0.038598377 0.025852704 0.093052506 0.025510516 0.920834661 0.389117926 0.099619322 -0.038825382 -0.388038278 0.920825124 -0.045754004
0.998771608 -0.039781768 0.029541293 0.110523723 0.025061470 0.919867635 0.391427547 0.100889973 -0.042745754 -0.390206337 0.919734657 -0.043012779
0.998535156 -0.042508915 0.033474639 0.126536340 0.025911659 0.918810248 0.393848062 0.102471143 -0.047498893 -0.392403752 0.918565810 -0.040031087
0.998271227 -0.045846120 0.036779389 0.140067026 0.027634464 0.918384314 0.394723147 0.104890853 -0.051874146 -0.393024355 0.918063760 -0.036718093
0.998012066 -0.049437664 0.039088145 0.150965974 0.029992286 0.918043375 0.395343840 0.107391015 -0.055429496 -0.393385559 0.917701125 -0.033033494
0.997774184 -0.049941059 0.044188548 0.161381960 0.028585132 0.919009686 0.393197447 0.110207364 -0.060246401 -0.391059071 0.918391705 -0.029435039
0.997000039 -0.052955732 0.056452073 0.170422137 0.027070686 0.921831965 0.386643350 0.112829894 -0.072514310 -0.383955181 0.920500040 -0.023989880
0.995719433 -0.057631999 0.072259173 0.178486466 0.026410587 0.926606774 0.375103384 0.115046054 -0.088573791 -0.371589333 0.924162388 -0.018639829
0.994428635 -0.060427636 0.086372443 0.184663892 0.025630375 0.933396339 0.357930690 0.116738297 -0.102248624 -0.353722811 0.929744899 -0.012958512
0.993442059 -0.058876786 0.098011568 0.189356685 0.022294264 0.940519214 0.339007884 0.117626138 -0.112141460 -0.334599614 0.935664177 -0.007741589
0.992265940 -0.056850392 0.110347517 0.193252161 0.018890772 0.947763920 0.318413019 0.118161350 -0.122685283 -0.313865781 0.941507697 -0.003060926
0.990816593 -0.055620786 0.123243034 0.196565107 0.016563717 0.954538286 0.297627926 0.117351629 -0.134194493 -0.292853266 0.946693659 0.001218427
0.989439487 -0.056510150 0.133477569 0.199419931 0.016905930 0.959577918 0.280934870 0.115622319 -0.143957809 -0.275711477 0.950399637 0.004866123
0.987958550 -0.059827834 0.142683387 0.203008905 0.019126585 0.962364256 0.271089017 0.113553613 -0.153532058 -0.265095651 0.951920271 0.009199195
0.986399293 -0.067501776 0.149866313 0.206115261 0.024648452 0.962217808 0.271162957 0.111617714 -0.162507996 -0.263781011 0.950794697 0.012889124
0.984665394 -0.075540088 0.157250106 0.210595772 0.029195378 0.960031092 0.278366446 0.109897792 -0.171992794 -0.269506872 0.947514772 0.018023029
0.982320905 -0.086395122 0.166076466 0.216918439 0.035861887 0.957554221 0.286013633 0.107860506 -0.183737382 -0.275001347 0.943723857 0.025265727
0.979955971 -0.096406862 0.174332216 0.223912030 0.041614510 0.954861701 0.294121385 0.105422184 -0.194818422 -0.280971259 0.939734399 0.033898890
0.977588356 -0.105741970 0.182042927 0.231142774 0.046621196 0.951974750 0.302606404 0.103067607 -0.205298439 -0.287337393 0.935569108 0.043555237
0.975768387 -0.112486988 0.187676936 0.238090843 0.049303874 0.948709011 0.312282592 0.100814186 -0.213178486 -0.295462310 0.931266308 0.054105744
0.974760950 -0.117185183 0.190022886 0.244867980 0.050896905 0.945394695 0.321929216 0.097596712 -0.217371956 -0.304132462 0.927498102 0.065239474
0.974772453 -0.119141504 0.188743144 0.249906257 0.051479410 0.942828178 0.329279602 0.094633602 -0.217183203 -0.311256260 0.925176263 0.076839864
0.975017309 -0.124816097 0.183744565 0.253103048 0.056913614 0.939961016 0.336502582 0.090447851 -0.214713663 -0.317638308 0.923582137 0.090190485
0.976600409 -0.125309348 0.174783349 0.253980607 0.059309781 0.938122928 0.341185808 0.085991874 -0.206722066 -0.322835743 0.923603237 0.103810824
0.978653133 -0.122883007 0.164735809 0.252503723 0.060355645 0.938058913 0.341178149 0.080929421 -0.196456909 -0.323952377 0.925450981 0.118732758
0.981551349 -0.116229706 0.151814580 0.248709455 0.059307408 0.939933419 0.336166084 0.075047567 -0.181768104 -0.320960552 0.929486156 0.133476198
0.984568596 -0.106757350 0.138663992 0.242499083 0.056336224 0.943542957 0.326424181 0.069707513 -0.165683642 -0.313575119 0.934997082 0.148737848
0.987817287 -0.094564974 0.123590097 0.234061092 0.051110372 0.947280586 0.316302449 0.064399414 -0.146985650 -0.306132346 0.940573335 0.163909435
0.990719497 -0.080824293 0.109280862 0.223479509 0.043533131 0.950325429 0.308198869 0.060402405 -0.128762335 -0.300581396 0.945024371 0.178846717
0.993408680 -0.066609897 0.093286492 0.210026488 0.035418935 0.952378094 0.302855611 0.056689687 -0.109017186 -0.297555268 0.948459864 0.193087518
0.995873451 -0.055392094 0.071888126 0.193967655 0.031264078 0.953035593 0.301240176 0.053439543 -0.085198283 -0.297749519 0.950834632 0.205393374
0.997915864 -0.044034481 0.047169399 0.174876794 0.027821250 0.953149855 0.301216543 0.050681606 -0.058223415 -0.299276412 0.952388406 0.215071693
0.999225914 -0.034618404 0.018686719 0.152023688 0.027298070 0.952187002 0.304293901 0.049716678 -0.028327420 -0.303548157 0.952394903 0.222348258
0.999692619 -0.022913799 -0.009472305 0.126936004 0.024720056 0.950671017 0.309214175 0.050097097 0.001919778 -0.309353262 0.950945258 0.226970851
0.999243319 -0.011444672 -0.037173517 0.099453099 0.022592876 0.948751509 0.315214574 0.050869048 0.031660900 -0.315815926 0.948292136 0.227552161
0.997864127 -0.000789007 -0.065320320 0.070147291 0.021736436 0.946959198 0.320617825 0.053281676 0.061602708 -0.321352780 0.944953680 0.224321604
0.995770693 0.012474805 -0.091021806 0.039460175 0.017889619 0.945446074 0.325287074 0.057250760 0.090114087 -0.325539738 0.941224396 0.218614578
0.993139207 0.026933309 -0.113794968 0.008145295 0.012077490 0.944286823 0.328902036 0.060664058 0.116313502 -0.328019887 0.937482834 0.207530603
0.989640415 0.036135193 -0.138945907 -0.023346994 0.012086149 0.943402052 0.331430852 0.065299265 0.143058211 -0.329676688 0.933192134 0.193874076
0.986012816 0.039401758 -0.161945120 -0.052897938 0.016893676 0.943022907 0.332298696 0.068811327 0.165811077 -0.330386609 0.929167032 0.177846730
