1.000000000 0.000000000 0.000000000 0.000000000 0.000000000 1.000000000 0.000000000 0.000000000 0.000000000 0.000000000 1.000000000 0.000000000
0.999985754 0.001116317 0.005222161 0.000669147 -0.001101569 0.999995410 -0.002826181 0.015156168 -0.005225292 0.002820388 0.999982357 0.006855506
0.999941289 0.004812880 0.009711217 0.000528800 -0.004826536 0.999987423 0.001383286 0.034156233 -0.009704437 -0.001430076 0.999951899 0.014030522
0.999914706 0.005862309 0.011664060 0.000190084 -0.005999550 0.999912798 0.011766155 0.055617839 -0.011594063 -0.011835132 0.999862731 0.019761838
0.999911070 0.005827770 0.011992422 -0.000740553 -0.006117031 0.999687850 0.024226688 0.079845347 -0.011847487 -0.024297893 0.999634504 0.026678376
0.999928176 0.002613241 0.011695157 -0.001675637 -0.003014140 0.999403834 0.034393795 0.104805946 -0.011598305 -0.034426585 0.999339938 0.032632284
0.999921679 0.001362817 0.012438026 -0.002736404 -0.001878940 0.999133468 0.041578721 0.131300092 -0.012370584 -0.041598842 0.999057829 0.039687760
0.999928057 -0.003421347 0.011495768 -0.003017416 0.002880300 0.998902142 0.046756178 0.156036675 -0.011643117 -0.046719696 0.998840213 0.046893839
0.999926150 -0.005945274 0.010600336 -0.003590580 0.005404579 0.998718202 0.050326239 0.180584237 -0.010885954 -0.050265230 0.998676658 0.052957408
0.999932230 -0.006660409 0.009547130 -0.004081207 0.006129262 0.998488307 0.054623127 0.203686565 -0.009896510 -0.054560907 0.998461545 0.058881614
0.999943793 -0.004285035 0.009691979 -0.005310969 0.003693928 0.998179257 0.060205776 0.225477502 -0.009932315 -0.060166594 0.998139024 0.064190619
0.999947011 0.000556729 0.010273942 -0.006037961 -0.001253706 0.997687459 0.067958072 0.245600909 -0.010212346 -0.067967355 0.997635365 0.068418831
0.999965072 0.001561994 0.008205624 -0.006899665 -0.002207484 0.996852100 0.079254061 0.263346314 -0.008055995 -0.079269409 0.996820807 0.070922203
0.999948680 0.004659486 0.008986663 -0.007850260 -0.005483823 0.995557129 0.094001070 0.279756635 -0.008508735 -0.094045535 0.995531678 0.073217735
0.999968827 0.004100338 0.006734584 -0.007717314 -0.004824911 0.993768215 0.111361943 0.291937232 -0.006235993 -0.111390963 0.993757069 0.075322710
0.999978483 0.003054097 0.005798929 -0.008286404 -0.003770929 0.991775811 0.127932146 0.298804164 -0.005360520 -0.127951264 0.991765976 0.075824037
0.999994218 0.000896511 0.003274187 -0.008657766 -0.001350300 0.989959776 0.141342923 0.297083348 -0.003114598 -0.141346529 0.989955246 0.074541062
0.999999821 0.000290309 0.000597848 -0.009884742 -0.000374718 0.989222050 0.146423116 0.287296712 -0.000548896 -0.146423325 0.989221811 0.070964962
0.999999464 0.000968787 0.000146991 -0.010744655 -0.000979856 0.989573658 0.144024357 0.268969148 -0.000005929 -0.144024432 0.989574134 0.065886155
0.999983013 0.004571366 0.003603129 -0.012083425 -0.005019291 0.990680099 0.136116534 0.243560642 -0.002947310 -0.136132345 0.990686297 0.059587229
0.999902368 0.011019480 0.008593485 -0.012538956 -0.012012727 0.991994262 0.125710711 0.212681592 -0.007139419 -0.125801653 0.992029786 0.052882552
0.999692440 0.018374151 0.016647158 -0.013267884 -0.020141024 0.993383169 0.113068111 0.178469017 -0.014459476 -0.113368653 0.993447840 0.045436203
0.999319315 0.025281252 0.026862556 -0.013803205 -0.027800823 0.994799614 0.097984791 0.140332386 -0.024245678 -0.098664895 0.994825363 0.038098108
0.998782694 0.032129165 0.037425522 -0.014135402 -0.035128344 0.995976031 0.082449272 0.101955675 -0.034625895 -0.083663598 0.995892406 0.030357275
0.998493969 0.035925753 0.041462064 -0.014950546 -0.038670108 0.996976018 0.067405246 0.062376197 -0.038915098 -0.068907075 0.996863782 0.022718905
0.998396397 0.038557954 0.041446596 -0.016134052 -0.040729139 0.997769713 0.052884020 0.027282909 -0.039315064 -0.054487303 0.997740209 0.016303871
0.998501360 0.037921526 0.039456129 -0.018085033 -0.039492447 0.998425841 0.039827444 -0.007905235 -0.037883706 -0.041325979 0.998427212 0.008649210
0.998524845 0.036279891 0.040392593 -0.019448467 -0.037382338 0.998939335 0.026880790 -0.039683044 -0.039374515 -0.028351113 0.998822212 0.001587716
0.998697937 0.030298639 0.041042387 -0.019653281 -0.030780483 0.999463856 0.011159392 -0.068306535 -0.040682271 -0.012408165 0.999095142 -0.004720106
0.998778760 0.026526205 0.041682296 -0.019042382 -0.026346285 0.999641061 -0.004860029 -0.094113961 -0.041796260 0.003755923 0.999119103 -0.011059579
0.998907447 0.022046920 0.041205373 -0.017887689 -0.021124600 0.999519348 -0.022686506 -0.116110563 -0.041685749 0.021791268 0.998893201 -0.018052801
0.998893380 0.023886316 0.040515501 -0.017267289 -0.022357542 0.999036074 -0.037775509 -0.131124213 -0.041378763 0.036827873 0.998464584 -0.024281397
0.998842180 0.024170090 0.041595791 -0.016775858 -0.022148842 0.998583078 -0.048385810 -0.139562175 -0.042706341 0.047408484 0.997962177 -0.027543994
0.998529255 0.029114967 0.045734968 -0.015883498 -0.026780743 0.998347223 -0.050847098 -0.139655456 -0.047139794 0.049547497 0.997658730 -0.028596137
0.998234987 0.034908786 0.048046120 -0.014193746 -0.032694094 0.998400152 -0.046133734 -0.130736738 -0.049579728 0.044481479 0.997779071 -0.027552519
0.997884512 0.040885717 0.050545741 -0.012569102 -0.039098144 0.998591602 -0.035862587 -0.113199949 -0.051940817 0.033810474 0.998077571 -0.023541413
0.997917712 0.037565466 0.052432325 -0.011660858 -0.036381505 0.999065042 -0.023355642 -0.090850905 -0.053260665 0.021399438 0.998351336 -0.017945362
0.998119652 0.034802929 0.050456811 -0.009604622 -0.034324918 0.999357522 -0.010309604 -0.064007334 -0.050783206 0.008558291 0.998673022 -0.009634609
0.998313665 0.030137129 0.049614772 -0.007941634 -0.030169029 0.999544799 -0.000105932 -0.034625996 -0.049595382 -0.001391070 0.998768330 -0.001529711
0.998239636 0.033664338 0.048827983 -0.006489740 -0.034051761 0.999394655 0.007124186 -0.003803864 -0.048558593 -0.008774325 0.998781800 0.007374761
0.998492062 0.029999405 0.045973435 -0.003762153 -0.030512521 0.999479294 0.010500105 0.028422005 -0.045634493 -0.011887038 0.998887539 0.016731909
0.998759151 0.029834170 0.039873566 -0.002032933 -0.030393593 0.999446869 0.013497755 0.061299711 -0.039448824 -0.014692908 0.999113560 0.023982411
0.998879433 0.028567540 0.037731286 -0.000704168 -0.029269462 0.999406278 0.018183608 0.094293460 -0.037189424 -0.019267606 0.999122500 0.031329397
0.999122739 0.023988036 0.034325868 -0.000493656 -0.024945548 0.999303758 0.027743852 0.127870917 -0.033636443 -0.028575789 0.999025583 0.038855668
0.999001026 0.021929245 0.038937524 -0.000380842 -0.023529172 0.998877287 0.041118193 0.160302088 -0.037992112 -0.041993283 0.998395324 0.045131058
0.998925626 0.017874593 0.042756893 0.000213683 -0.020293564 0.998177767 0.056826822 0.190029576 -0.041663229 -0.057633456 0.997468114 0.052405581
0.998731196 0.018730301 0.046742823 -0.000584577 -0.022176636 0.996986806 0.074335225 0.216210470 -0.045209661 -0.075277515 0.996137261 0.057832092
0.998736501 0.019822221 0.046176068 -0.001089237 -0.023998570 0.995495617 0.091720939 0.237671271 -0.044149965 -0.092713222 0.994713604 0.061983127
0.998931468 0.018243665 0.042459875 -0.002200979 -0.022682710 0.994050562 0.106532291 0.252838165 -0.040263731 -0.107381560 0.993402362 0.064545847
0.999079108 0.018271549 0.038820036 -0.003200812 -0.022737620 0.992763638 0.117912121 0.260817140 -0.036384679 -0.118686236 0.992264986 0.066627137
0.999167144 0.018179895 0.036532100 -0.004541643 -0.022605844 0.991943657 0.124646060 0.260580599 -0.033971731 -0.125368074 0.991528571 0.066262633
0.999241650 0.018961163 0.034009773 -0.006341601 -0.023133161 0.991657794 0.126805559 0.250784516 -0.031321675 -0.127496153 0.991344392 0.063851401
0.999310613 0.018078474 0.032426063 -0.008843441 -0.021899601 0.992331326 0.121651061 0.232955679 -0.029978123 -0.122277327 0.992043138 0.059267040
0.999370992 0.017323639 0.030941052 -0.010920020 -0.020600248 0.993835807 0.108930960 0.209148884 -0.028863242 -0.109499849 0.993567646 0.052697316
0.999348283 0.017725369 0.031442743 -0.013033099 -0.020592431 0.995421588 0.093337834 0.182270214 -0.029644337 -0.093924507 0.995137990 0.045650981
0.999180496 0.021739025 0.034142435 -0.013955332 -0.024438187 0.996435761 0.080738857 0.150556281 -0.032265559 -0.081507064 0.996150315 0.038028173
0.999034584 0.022668948 0.037628792 -0.015058652 -0.025286527 0.997183323 0.070611253 0.118466973 -0.035922118 -0.071494579 0.996793985 0.031006336
0.998692393 0.027063699 0.043370906 -0.015176235 -0.029822674 0.997485995 0.064283110 0.086001843 -0.041522138 -0.065492496 0.996988773 0.022912394
0.998460770 0.026870137 0.048517399 -0.015066497 -0.029750569 0.997775555 0.059657320 0.053152204 -0.046806466 -0.061008923 0.997039199 0.014651184
0.998373508 0.025986733 0.050742101 -0.014474595 -0.028755413 0.998093188 0.054618582 0.021196526 -0.049225979 -0.055988867 0.997217178 0.008585643
0.998240232 0.022240367 0.054969486 -0.013639618 -0.024899220 0.998528838 0.048167750 -0.011960891 -0.053817347 -0.049451694 0.997325599 0.001102908
0.997969747 0.017198846 0.061320916 -0.012014314 -0.019586278 0.999064803 0.038547270 -0.043384310 -0.060600601 -0.039670069 0.997373462 -0.005159796
0.997454524 0.012954010 0.070118293 -0.010188647 -0.014747142 0.999575853 0.025115976 -0.075530589 -0.069763184 -0.026086092 0.997222483 -0.012261609
0.997064948 0.008079272 0.076131895 -0.007932164 -0.008773498 0.999922872 0.008788694 -0.105500996 -0.076055020 -0.009430844 0.997059047 -0.020535616
0.996783197 0.008371903 0.079707310 -0.006173191 -0.007745790 0.999936759 -0.008161105 -0.130695447 -0.079770587 0.007517458 0.996784866 -0.026820671
0.996488452 0.008945318 0.083251938 -0.005099976 -0.006889070 0.999664843 -0.024953660 -0.150664344 -0.083447263 0.024292506 0.996216059 -0.032866821
0.996478498 0.011760963 0.083020255 -0.004514291 -0.008834668 0.999329567 -0.035527769 -0.162830487 -0.083382443 0.034669198 0.995914340 -0.038724277
0.996259511 0.015094356 0.085082933 -0.004460215 -0.011697955 0.999119997 -0.040276900 -0.168915987 -0.085616015 0.039130948 0.995559394 -0.040300943
0.995822847 0.019806443 0.089132637 -0.003466735 -0.016213708 0.999033570 -0.040852848 -0.165634960 -0.089855656 0.039237030 0.995181561 -0.038748931
0.995676041 0.023399662 0.089897960 -0.002191425 -0.020024978 0.999067187 -0.038259413 -0.155178428 -0.090709366 0.036293771 0.995215774 -0.035753064
0.995805562 0.025019053 0.088007301 -0.000876773 -0.022047099 0.999158680 -0.034581006 -0.138340265 -0.088798441 0.032495655 0.995519400 -0.030668238
0.995936394 0.025034180 0.086509906 -0.000698757 -0.022451175 0.999276400 -0.030703075 -0.116804138 -0.087215923 0.028636057 0.995777726 -0.024806187
0.996029198 0.026002027 0.085145123 0.000336853 -0.023907693 0.999388278 -0.025525348 -0.091929942 -0.085756741 0.023388375 0.996041477 -0.017225599
0.996528685 0.022580320 0.080129474 0.003683010 -0.020961536 0.999559939 -0.020986188 -0.061817046 -0.080568090 0.019233704 0.996563435 -0.006843385
0.996813357 0.025917837 0.075441621 0.006185533 -0.024882235 0.999583185 -0.014635029 -0.029402858 -0.075789496 0.012711237 0.997042835 0.002706851
0.996973038 0.027364168 0.072773464 0.007219632 -0.026848618 0.999607086 -0.008053288 0.003416436 -0.072965235 0.006075047 0.997316003 0.012415932
0.996898949 0.031100430 0.072285324 0.009488105 -0.031207422 0.999512911 0.000350887 0.038316473 -0.072239205 -0.002605638 0.997383893 0.022158178
0.996457636 0.033718061 0.077040568 0.012364787 -0.034722161 0.999328196 0.011730823 0.072228849 -0.076593280 -0.014364284 0.996958911 0.031976331
0.996981740 0.030081281 0.071570963 0.012543693 -0.032187562 0.999076545 0.028460018 0.105632551 -0.070648760 -0.030677814 0.997029305 0.039577778
0.997412801 0.021690041 0.068536699 0.012471658 -0.025133753 0.998443365 0.049790092 0.138963863 -0.067350067 -0.051383860 0.996405363 0.045857571
0.997875273 0.012184273 0.064003579 0.012912611 -0.016844092 0.997205913 0.072778329 0.168801636 -0.062937990 -0.073701769 0.995292366 0.053192474
0.997964561 0.006965945 0.063388348 0.013214959 -0.012875067 0.995555282 0.093296029 0.196643978 -0.062456712 -0.093922257 0.993618608 0.059619561
0.997978330 0.005436959 0.063322052 0.013617378 -0.012292250 0.994033694 0.108380534 0.220997170 -0.062354989 -0.108939789 0.992090762 0.064698502
0.997871518 0.010409302 0.064374857 0.014548777 -0.018010307 0.992773175 0.118647240 0.241862565 -0.062674589 -0.119554102 0.990847588 0.069111444
0.997907758 0.017442770 0.062257729 0.014353579 -0.025142977 0.991821766 0.125128940 0.259017080 -0.059565984 -0.126432478 0.990185201 0.072518513
0.998213351 0.020272687 0.056205887 0.013567745 -0.027330402 0.991424143 0.127793416 0.270343333 -0.053133164 -0.129101232 0.990206957 0.073281094
0.998581111 0.021884248 0.048547320 0.012151934 -0.027922172 0.991457462 0.127406701 0.275536120 -0.045344409 -0.128581449 0.990661740 0.072363734
0.998869658 0.021470370 0.042407259 0.010813504 -0.026730051 0.991460502 0.127638921 0.272999376 -0.039304662 -0.128628179 0.990913749 0.070919663
0.999011815 0.022453792 0.038356744 0.009470862 -0.027195178 0.991408825 0.127941474 0.263358831 -0.035154447 -0.128858194 0.991039693 0.068324216
0.999020278 0.024035379 0.037158430 0.008097727 -0.028599942 0.991407514 0.127644420 0.246534839 -0.033771165 -0.128582120 0.991123676 0.064233609
0.998972833 0.025335625 0.037566524 0.006444322 -0.029834017 0.991773844 0.124476843 0.224173710 -0.034103792 -0.125469774 0.991511166 0.059677683
0.998956263 0.025671219 0.037780397 0.005087721 -0.030046683 0.992292404 0.120220162 0.198208824 -0.034403004 -0.121229865 0.992028117 0.053777706
0.998769104 0.028925082 0.040292151 0.004350472 -0.033465277 0.992568731 0.116994411 0.169085190 -0.036608655 -0.118198790 0.992314935 0.048298120
0.998184085 0.035812613 0.048433863 0.004224697 -0.041099608 0.992746770 0.112981297 0.136037886 -0.044036407 -0.114766739 0.992416024 0.042901862
0.997705102 0.040210340 0.054477774 0.005319834 -0.045817070 0.993318737 0.105918989 0.101056084 -0.049854755 -0.108171910 0.992881358 0.036383055
0.997408032 0.042257108 0.058237005 0.005394920 -0.047712628 0.994264543 0.095715940 0.064634323 -0.053858310 -0.098246500 0.993703663 0.030856779
0.997271657 0.040966604 0.061407737 0.004735953 -0.045962323 0.995548785 0.082280643 0.027492460 -0.057763640 -0.084878609 0.994715512 0.024402058
0.997012317 0.039957069 0.066104241 0.004160954 -0.044231221 0.996936321 0.064510509 -0.008173638 -0.063324064 -0.067241654 0.995725155 0.018731462
0.996591747 0.037791617 0.073324315 0.003656405 -0.041076332 0.998194695 0.043818250 -0.044921838 -0.071535982 -0.046680808 0.996345103 0.011563966
0.996106505 0.038164917 0.079468325 0.002295766 -0.040054221 0.998948276 0.022316871 -0.079511166 -0.078533024 -0.025413027 0.996587515 0.003060924
0.995562971 0.037492398 0.086306065 0.002956911 -0.037804946 0.999283135 0.001989178 -0.109086327 -0.086169615 -0.005243147 0.996266723 -0.003863237
0.995252013 0.038087144 0.089570716 0.001842785 -0.036923498 0.999211311 -0.014613263 -0.136759371 -0.090056643 0.011236617 0.995873213 -0.012104417
0.995142102 0.035431121 0.091852367 -0.000486794 -0.032975748 0.999060690 -0.028113456 -0.160177216 -0.092762195 0.024947982 0.995375633 -0.019770985
0.995358169 0.032478463 0.090594590 -0.000848485 -0.029149491 0.998858869 -0.037830297 -0.176591054 -0.091719881 0.035013907 0.995168984 -0.024767883
0.995344877 0.026499607 0.092662677 -0.002633889 -0.022681197 0.998859167 -0.042020842 -0.188543573 -0.093670502 0.039723523 0.994810462 -0.030008273
0.995067894 0.024305554 0.096173190 -0.002028604 -0.020352995 0.998915792 -0.041868173 -0.190525845 -0.097086549 0.039704252 0.994483650 -0.029517014
0.994802177 0.021299286 0.099573500 -0.001629106 -0.017540228 0.999105573 -0.038475890 -0.188043565 -0.100303940 0.036529358 0.994286060 -0.027312696
0.994757175 0.020541145 0.100180924 -0.002635090 -0.017232686 0.999280751 -0.033779185 -0.179078028 -0.100802720 0.031875692 0.994395673 -0.025043696
0.994273186 0.019069748 0.105153039 -0.001629244 -0.016178977 0.999469161 -0.028275963 -0.163544968 -0.105636418 0.026412755 0.994053960 -0.019415878
0.993685126 0.019706836 0.110460989 0.001318318 -0.017358853 0.999603271 -0.022177845 -0.142934024 -0.110854208 0.020120317 0.993632972 -0.010841484
0.992872536 0.024617882 0.116611220 0.003541622 -0.022987016 0.999618471 -0.015309967 -0.121336155 -0.116943635 0.012520302 0.993059635 -0.004348193
0.992187023 0.029756378 0.121158436 0.006650965 -0.028785225 0.999537885 -0.009758295 -0.097291552 -0.121392831 0.006194483 0.992585182 0.003789678
0.991544008 0.038731933 0.123856187 0.008521843 -0.038549978 0.999249101 -0.003866229 -0.071535558 -0.123912938 -0.000941120 0.992292583 0.011706247
0.991287768 0.042427693 0.124693558 0.012053979 -0.043150555 0.999063730 0.003100799 -0.044797722 -0.124445245 -0.008454382 0.992190421 0.022317657
0.991853595 0.046320766 0.118662626 0.014106703 -0.048125379 0.998764515 0.012386281 -0.018608911 -0.117942274 -0.017996063 0.992857397 0.030419186
0.992369831 0.047953676 0.113589078 0.015650420 -0.050879676 0.998439908 0.023000371 0.007506684 -0.112308919 -0.028604254 0.993261576 0.035267513
0.993580043 0.049095191 0.101923034 0.017152503 -0.052896503 0.997988820 0.034932792 0.031890206 -0.100003019 -0.040099900 0.994178832 0.037604753
0.994927585 0.047274210 0.088792689 0.018206431 -0.051632673 0.997538447 0.047446869 0.054407127 -0.086331107 -0.051790804 0.994919300 0.038200844
0.996130347 0.043240011 0.076515593 0.017850669 -0.048008826 0.996944189 0.061623618 0.072842635 -0.073617175 -0.065058574 0.995162249 0.036709845
0.997260213 0.037217155 0.063928589 0.017844664 -0.042100746 0.996155262 0.076825276 0.087764636 -0.060823575 -0.079306222 0.994992912 0.033374093
0.997970879 0.030617744 0.055825531 0.018030811 -0.035716675 0.995048165 0.092754647 0.098341852 -0.052709155 -0.094560340 0.994122803 0.030062960
0.998645902 0.022378704 0.046965446 0.017032623 -0.027388271 0.993676662 0.108888328 0.106144696 -0.044231690 -0.110027172 0.992943883 0.024716273
0.999106109 0.014899787 0.039560031 0.016428037 -0.019840594 0.991627395 0.127599031 0.110415637 -0.037327610 -0.128269866 0.991036594 0.019743737
0.999390423 0.008280645 0.033917096 0.015913423 -0.013162047 0.989147663 0.146334499 0.112519175 -0.032337274 -0.146691725 0.988653541 0.014236571
0.999411643 0.002936981 0.034170885 0.015941015 -0.008608346 0.985913694 0.167033091 0.113844424 -0.033198968 -0.167228967 0.985358894 0.011605600
0.999165654 -0.001938034 0.040795024 0.015561031 -0.005899515 0.981548429 0.191122919 0.113846555 -0.040412690 -0.191204086 0.980717957 0.008563511
0.998534858 -0.005462315 0.053834602 0.015793882 -0.006273575 0.976496220 0.215443462 0.113708816 -0.053746104 -0.215465531 0.975031257 0.005445385
0.997741580 -0.011218874 0.066226110 0.014834220 -0.004787775 0.971566856 0.236717045 0.112605512 -0.066998780 -0.236499518 0.969318807 0.002636012
0.996935666 -0.017617114 0.076215938 0.012722411 -0.002427447 0.966874063 0.255242407 0.111156546 -0.078187853 -0.254645258 0.963868380 -0.000269145
0.996490479 -0.023526415 0.080331072 0.009962627 0.000749523 0.962158799 0.272488058 0.109335110 -0.083701923 -0.271471530 0.958799779 -0.004230218
0.996334851 -0.027636904 0.080950871 0.007799021 0.002922080 0.956811607 0.290694147 0.108869299 -0.085488617 -0.289392173 0.953385413 -0.008767884
0.996059120 -0.033899453 0.081956431 0.006120292 0.006853174 0.950726092 0.309956491 0.108022019 -0.088425472 -0.308173358 0.947211683 -0.013472378
0.995789468 -0.039237220 0.082846820 0.004710780 0.009719399 0.943861067 0.330199748 0.108588114 -0.091152042 -0.328004241 0.940268278 -0.018383587
0.995545983 -0.045812257 0.082397230 0.004062695 0.014191055 0.936856806 0.349425226 0.109125726 -0.093202367 -0.346699595 0.933334172 -0.024014030
0.995555878 -0.047286831 0.081438452 0.004609982 0.014054139 0.929709792 0.368024617 0.110160016 -0.093116865 -0.365244508 0.926242709 -0.030172125
0.995613158 -0.046884984 0.080969319 0.005841912 0.012299718 0.923463762 0.383488655 0.110780068 -0.092752092 -0.380810469 0.919989347 -0.036191888
0.995920718 -0.045700725 0.077801511 0.008232246 0.011225046 0.918301642 0.395722330 0.110544115 -0.089530058 -0.393234730 0.915068686 -0.041105241
0.996181190 -0.045120798 0.074745655 0.011365120 0.011185548 0.915010035 0.403276205 0.108846895 -0.086589180 -0.400900096 0.912020564 -0.044704854
0.996146858 -0.046629164 0.074276790 0.015799370 0.012659992 0.914525509 0.404330224 0.106614120 -0.086781606 -0.401831895 0.911592007 -0.046692811
0.996307313 -0.045925353 0.072542176 0.020330263 0.013116556 0.916411877 0.400021404 0.104189336 -0.084849656 -0.397592783 0.913630366 -0.047722198
0.996593237 -0.046616782 0.068032973 0.024481630 0.016208706 0.919547141 0.392645419 0.102547310 -0.080863401 -0.390205085 0.917170107 -0.047529571
0.996850789 -0.046367414 0.064329080 0.029243696 0.018081481 0.922770381 0.384925872 0.100806132 -0.077208996 -0.382550538 0.920702934 -0.046161782
0.997064352 -0.043616846 0.062928103 0.032726076 0.016655711 0.925754189 0.377758980 0.100117221 -0.074732617 -0.375601947 0.923763156 -0.044572119
0.997445285 -0.038348701 0.060265452 0.034743171 0.013187325 0.928030252 0.372271508 0.099941283 -0.070204295 -0.370525718 0.926165223 -0.042629387
0.997764111 -0.035467893 0.056645773 0.035860140 0.012169806 0.929813981 0.367828667 0.099646948 -0.065716147 -0.366316825 0.928166628 -0.040406175
0.998168528 -0.028905556 0.053139690 0.036553185 0.007464252 0.930588961 0.365990072 0.098728292 -0.060030360 -0.364923179 0.929100394 -0.038150068
0.998366833 -0.026411882 0.050653398 0.037534039 0.005974432 0.930111945 0.367227554 0.097810246 -0.056812502 -0.366325259 0.928750873 -0.035779636
0.998544872 -0.021981835 0.049239583 0.038875312 0.002116814 0.928414285 0.371540725 0.097014956 -0.053881880 -0.370895892 0.927110016 -0.033199377
0.998648584 -0.018840091 0.048432797 0.041838218 -0.000737508 0.926739693 0.375703454 0.096377790 -0.051962882 -0.375231475 0.925473571 -0.031017374
0.998718560 -0.017938422 0.047321603 0.045616146 -0.001300944 0.925661385 0.378350914 0.095798448 -0.050590809 -0.377927691 0.924451828 -0.028060380
0.998682499 -0.019446738 0.047486063 0.051622998 -0.000071866 0.924875140 0.380270988 0.095212363 -0.051313724 -0.379773378 0.923655272 -0.025015384
0.998599052 -0.021658329 0.048276901 0.059272636 0.001618996 0.924469173 0.381253332 0.094519682 -0.052887820 -0.380641043 0.923209250 -0.021772919
0.998460352 -0.023870740 0.050068405 0.069074228 0.002874457 0.923714817 0.383070290 0.093020543 -0.055393104 -0.382336617 0.922361255 -0.018501736
0.998311222 -0.026550001 0.051666699 0.080136895 0.004640148 0.923043668 0.384667337 0.092064030 -0.057903532 -0.383778065 0.921608090 -0.015390744
0.998138845 -0.030686442 0.052697487 0.092887357 0.007939480 0.922201395 0.386628807 0.091048084 -0.060461961 -0.385490835 0.920728564 -0.012275165
0.997926891 -0.035641957 0.053587299 0.106958874 0.012060533 0.921460569 0.388284653 0.089704618 -0.063217811 -0.386833400 0.919980109 -0.011485362
0.997727871 -0.040379226 0.053931251 0.123290017 0.016233735 0.920993626 0.389239252 0.088262759 -0.065387525 -0.387479335 0.919556499 -0.009845505
0.997397482 -0.044458997 0.056759179 0.140608892 0.018938558 0.921154499 0.388735980 0.086363070 -0.069566779 -0.386649370 0.919599235 -0.007882752
0.996935368 -0.048992597 0.060988422 0.158363938 0.021812964 0.922777712 0.384714901 0.084142834 -0.075126946 -0.382205576 0.921018302 -0.005814306
0.996394992 -0.053801190 0.065595098 0.177446976 0.025067573 0.925377369 0.378217220 0.082049109 -0.081048779 -0.375209421 0.923390031 -0.003459658
0.995626807 -0.060556855 0.071135879 0.196467161 0.029939787 0.928126574 0.371058702 0.079925694 -0.088493258 -0.367306173 0.925880671 -0.000580490
0.994788527 -0.064767517 0.078745767 0.214931652 0.031474859 0.929676592 0.367029697 0.077333853 -0.096979693 -0.362638384 0.926870108 0.001874097
0.993990481 -0.070092730 0.084083334 0.233646214 0.034696739 0.930245042 0.365294755 0.076413773 -0.103822604 -0.360182047 0.927086651 0.003783498
0.993137121 -0.073624849 0.090872839 0.251122773 0.035284866 0.929403245 0.367375493 0.076809868 -0.111505456 -0.361647785 0.925622642 0.005610365
0.992096305 -0.077521801 0.098667808 0.268795103 0.035156041 0.926562250 0.374494970 0.077635810 -0.120453387 -0.368066281 0.921964347 0.007201578
0.990882337 -0.080103472 0.108331278 0.285295576 0.032429587 0.922223806 0.385294169 0.078946054 -0.130769074 -0.378268063 0.916412950 0.008820280
0.989661157 -0.085771956 0.114951625 0.299766332 0.033798523 0.918374181 0.394267112 0.080974728 -0.139385670 -0.386305690 0.911778271 0.010338720
0.989230871 -0.089285277 0.115976043 0.312560618 0.035545468 0.915214062 0.401397228 0.082304493 -0.141981781 -0.392952174 0.908531666 0.010943487
0.989102304 -0.089192331 0.117138043 0.323922753 0.034478158 0.913811445 0.404672563 0.084349729 -0.143135786 -0.396223933 0.906928241 0.011823490
0.989280939 -0.088589638 0.116082713 0.333119065 0.034287404 0.913648903 0.405055672 0.086290792 -0.141942590 -0.396733701 0.906892836 0.012704380
0.989416778 -0.088722557 0.114816256 0.339922011 0.035162732 0.914302707 0.403502554 0.087865256 -0.140776604 -0.395194978 0.907746017 0.013797656
0.989646614 -0.089950964 0.111841589 0.344702214 0.037993852 0.915630639 0.400221139 0.088899985 -0.138405889 -0.391828209 0.909568310 0.014252029
0.990002871 -0.089512125 0.109004676 0.346873075 0.039254799 0.917144299 0.396617472 0.089975007 -0.135475099 -0.388373524 0.911489189 0.014676437
0.990000665 -0.091863990 0.107050285 0.347612262 0.042614102 0.918190718 0.393839896 0.090624720 -0.134472296 -0.385339916 0.912924051 0.014396086
0.989891410 -0.093114860 0.106979318 0.345969737 0.043969147 0.918611407 0.392708421 0.091424033 -0.134839430 -0.384034932 0.913419664 0.014061369
0.989609659 -0.091892205 0.110582322 0.342550516 0.041284353 0.918328583 0.393660098 0.091686800 -0.137725204 -0.385004550 0.912580609 0.012989521
0.989451587 -0.090895787 0.112799242 0.337119460 0.039488159 0.918398619 0.393681079 0.090620875 -0.139378622 -0.385074168 0.912300050 0.011582166
0.989475906 -0.090733804 0.112716533 0.328943253 0.039519377 0.918815672 0.392703444 0.089463413 -0.139197201 -0.384116083 0.912731588 0.009665363
0.989723742 -0.089685343 0.111371480 0.318790346 0.039180007 0.919137597 0.391983539 0.088172719 -0.137520909 -0.383591861 0.913205981 0.007345185
0.990127563 -0.090110071 0.107366748 0.306792170 0.040976658 0.918595493 0.393069237 0.087758802 -0.134046122 -0.384789169 0.913218975 0.004499942
0.990917861 -0.086825557 0.102679960 0.293603510 0.039402254 0.917563379 0.395632625 0.088415384 -0.128566384 -0.387993604 0.912650883 0.001753915
0.991461754 -0.084894769 0.098977648 0.278660953 0.038736582 0.916526318 0.398094416 0.089526117 -0.124511749 -0.390861332 0.911989152 -0.000260960
0.991988480 -0.083665244 0.094652586 0.261889637 0.039197627 0.916123331 0.398975849 0.090731174 -0.120093845 -0.392069310 0.912063122 -0.002554331
0.992588222 -0.082680009 0.089065574 0.243832454 0.040536348 0.916171730 0.398730844 0.091224246 -0.114566416 -0.392165154 0.912732720 -0.004606377
0.993222237 -0.079286300 0.084990047 0.223803103 0.039213300 0.916924596 0.397129357 0.091416143 -0.109416395 -0.391104877 0.913818836 -0.007147230
0.993982911 -0.076042809 0.078838512 0.204145804 0.039090209 0.918620527 0.393202424 0.091225557 -0.102322891 -0.387754679 0.916065693 -0.009962253
0.994668663 -0.072287105 0.073544338 0.182655931 0.038197022 0.920712471 0.388367742 0.090296455 -0.095787160 -0.383488089 0.918565035 -0.013490312
0.995416939 -0.066766113 0.068465725 0.160780355 0.035555720 0.923002422 0.383148104 0.089391306 -0.088775337 -0.378957719 0.921145976 -0.016381148
0.995913029 -0.064019099 0.063709937 0.138628855 0.035205036 0.924758971 0.378921658 0.087519534 -0.083174564 -0.375130057 0.923233092 -0.019418543
0.996294260 -0.061976824 0.059637517 0.115555331 0.035003133 0.925522923 0.377070457 0.085473686 -0.078565523 -0.373585582 0.924262524 -0.022555806
0.996690094 -0.058875993 0.056057174 0.091773398 0.033503439 0.925760090 0.376624256 0.085131548 -0.074069627 -0.373499572 0.924668431 -0.025216470
0.997226119 -0.053925525 0.051304005 0.067520820 0.030534122 0.924995005 0.378750533 0.085248508 -0.067880273 -0.376133382 0.924075782 -0.027880037
0.997635126 -0.050346132 0.046790861 0.042900518 0.028632898 0.923312366 0.382981062 0.085904196 -0.062484194 -0.380735576 0.922570407 -0.030289035
0.998052835 -0.044543173 0.043663181 0.018728392 0.024288420 0.922302186 0.385705650 0.087801516 -0.057451203 -0.383894116 0.921588063 -0.031556450
0.998288035 -0.040201165 0.042485140 -0.005439716 0.020698141 0.922166228 0.386239797 0.089056723 -0.054705650 -0.384699196 0.921419501 -0.033333994
0.998446703 -0.038363125 0.040403157 -0.029428376 0.019874269 0.922709048 0.384984761 0.090142228 -0.052049570 -0.383583784 0.922038138 -0.035101499
0.998620152 -0.036721978 0.037538789 -0.053711560 0.019571379 0.923599720 0.382858366 0.091448873 -0.048730135 -0.381595373 0.923043966 -0.036539849
0.998793602 -0.034492403 0.034950804 -0.076925941 0.018629331 0.924712062 0.380211204 0.093364000 -0.045433834 -0.379101425 0.924239039 -0.038237572
0.998985708 -0.031550605 0.032128736 -0.100326851 0.017074002 0.925617218 0.378075749 0.095229499 -0.041667435 -0.377143711 0.925216973 -0.039848391
0.999127448 -0.029295811 0.029767942 -0.123602390 0.015927436 0.926133871 0.376858592 0.096848875 -0.038609479 -0.376055628 0.925792336 -0.042030364
0.999343574 -0.026879728 0.024289789 -0.147056699 0.015712271 0.925691783 0.377952367 0.099014640 -0.032644115 -0.377322614 0.925506353 -0.043163016
0.999579966 -0.023867577 0.016440332 -0.168226004 0.015821084 0.924660206 0.380464315 0.102876224 -0.024282482 -0.380044401 0.924649417 -0.044726096
0.999748051 -0.020896114 0.008195720 -0.187116981 0.016097182 0.921937466 0.387004405 0.105504066 -0.015642827 -0.386775047 0.922041416 -0.046641253
0.999829054 -0.018490028 -0.000401171 -0.204981834 0.017157942 0.919265211 0.393264651 0.108724259 -0.006902692 -0.393204302 0.919425189 -0.047718015
0.999804914 -0.017375190 -0.009399170 -0.221812651 0.019678561 0.917690098 0.396809280 0.111464359 0.001730887 -0.396916837 0.917852879 -0.048743531
0.999700248 -0.015595624 -0.018877976 -0.235957831 0.021789242 0.918333054 0.395208120 0.114485569 0.011172752 -0.395501018 0.918397486 -0.049235933
0.999584198 -0.013840158 -0.025296018 -0.248327687 0.022616081 0.920518517 0.390043706 0.115188643 0.017887188 -0.390453637 0.920448780 -0.050674681
0.999451697 -0.012124620 -0.030809000 -0.258595765 0.023038344 0.922989488 0.384134859 0.115362599 0.023778897 -0.384634078 0.922762811 -0.051789828
0.999262571 -0.011749372 -0.036554560 -0.265632331 0.024692144 0.925700426 0.377450377 0.115212508 0.029403768 -0.378074646 0.925307989 -0.052820846
0.999201059 -0.010501859 -0.038561881 -0.269647509 0.024161449 0.927306652 0.373521686 0.114622056 0.031836014 -0.374155045 0.926819563 -0.053978745
0.999236643 -0.008348680 -0.038163289 -0.270291835 0.021971112 0.927854598 0.372294337 0.114041269 0.032301813 -0.372848660 0.927329719 -0.055164889
0.999329567 -0.005745662 -0.036157586 -0.267507672 0.018853983 0.927346408 0.373728544 0.113541737 0.031383295 -0.374159753 0.926833034 -0.056589186
0.999475598 -0.005898239 -0.031842247 -0.261677086 0.017448589 0.926423728 0.376077861 0.112717077 0.027281217 -0.376436204 0.926040769 -0.057932202
0.999637663 -0.005477879 -0.026352862 -0.252899140 0.015018496 0.926006973 0.377207577 0.112189703 0.022336636 -0.377466768 0.925753713 -0.058964465
0.999815881 -0.005640578 -0.018337674 -0.241546735 0.012145080 0.925991178 0.377349824 0.110859171 0.014852055 -0.377503097 0.925889194 -0.060208153
0.999919713 -0.004962329 -0.011665946 -0.227010548 0.008976271 0.926946461 0.375086010 0.109230071 0.008952409 -0.375160575 0.926916599 -0.062091827
0.999978304 -0.005485304 -0.003640655 -0.211207405 0.006446689 0.928013384 0.372491062 0.107277542 0.001335352 -0.372506410 0.928028703 -0.063376054
0.999980807 -0.005747370 0.002338198 -0.193453088 0.004477877 0.929321587 0.369244188 0.105532728 -0.004295121 -0.369226664 0.929329455 -0.064485349
0.999936402 -0.007372809 0.008526912 -0.174029067 0.003725847 0.930099726 0.367288291 0.104170382 -0.010638822 -0.367233157 0.930068076 -0.065504178
0.999860942 -0.009001075 0.014038197 -0.153378323 0.003207052 0.929893970 0.367813796 0.103009500 -0.016364755 -0.367717654 0.929793477 -0.065522805
0.999734461 -0.013255638 0.018847268 -0.131506920 0.005332973 0.928856850 0.370400310 0.102297708 -0.022416305 -0.370201468 0.928680897 -0.065381721
0.999645293 -0.017419012 0.020148762 -0.109694272 0.008573409 0.926672339 0.375772446 0.101439066 -0.025216885 -0.375466406 0.926492870 -0.064692967
0.999501944 -0.022478510 0.022147670 -0.087299064 0.012334051 0.924295247 0.381478995 0.101397574 -0.029046062 -0.381015867 0.924112141 -0.063340634
0.999391258 -0.025433371 0.023881402 -0.063286223 0.014242152 0.922294796 0.386224568 0.101459540 -0.031848691 -0.385649353 0.922095597 -0.061605670
0.999265432 -0.026431203 0.027748719 -0.039618552 0.013586578 0.921398640 0.388381124 0.101503089 -0.035833012 -0.387718797 0.921080947 -0.060148012
0.999236345 -0.026785307 0.028447311 -0.015718965 0.013652647 0.921511114 0.388111889 0.102109268 -0.036610208 -0.387427121 0.921173096 -0.057432361
0.999252796 -0.028197803 0.026433796 0.007496863 0.015788060 0.922046900 0.386756182 0.101286814 -0.035278875 -0.386049777 0.921803057 -0.055821352
0.999265373 -0.029806709 0.024088854 0.030277262 0.018234003 0.922634363 0.385244370 0.100852273 -0.033708073 -0.384522080 0.922500193 -0.053643592
0.999177217 -0.032939471 0.023661371 0.052093796 0.021290889 0.922567248 0.385248423 0.100053400 -0.034519088 -0.384427756 0.922509491 -0.051227696
0.999087870 -0.035022184 0.024431191 0.072861336 0.022856615 0.921874881 0.386812866 0.099421844 -0.036069542 -0.385901690 0.921834409 -0.048657991
0.998943150 -0.037857424 0.026065061 0.092671111 0.024745341 0.920859218 0.389109284 0.099679887 -0.038732931 -0.388053119 0.920822740 -0.046064563
0.998783112 -0.039616883 0.029372538 0.110448807 0.024972217 0.919839442 0.391499579 0.100722298 -0.042528011 -0.390289724 0.919709384 -0.043340754
0.998526454 -0.042635750 0.033574663 0.126089975 0.025969915 0.918650389 0.394216955 0.102156825 -0.047651116 -0.392764121 0.918403864 -0.040406540
0.998274505 -0.045664832 0.036915660 0.139640808 0.027396534 0.918258727 0.395032108 0.104575872 -0.051937200 -0.393339127 0.917925298 -0.037392147
0.998010874 -0.049063742 0.039587330 0.150355875 0.029421907 0.917852163 0.395830482 0.107047692 -0.055756241 -0.393878460 0.917469800 -0.033601053
0.997777581 -0.050126702 0.043900423 0.161271691 0.028818559 0.918671370 0.393970042 0.109847918 -0.060078491 -0.391829371 0.918074191 -0.029486379
0.996996939 -0.053406484 0.056080926 0.170395404 0.027576311 0.921527147 0.387333572 0.112279065 -0.072366223 -0.384623826 0.920232356 -0.024378860
0.995715082 -0.057419047 0.072488032 0.178244993 0.026083829 0.926434755 0.375550747 0.114745192 -0.088719189 -0.372050792 0.923962593 -0.018901043
0.994427979 -0.060037058 0.086651593 0.184512377 0.025128905 0.933287382 0.358250082 0.116456330 -0.102379121 -0.354076445 0.929595709 -0.013137512
0.993423164 -0.058722846 0.098295942 0.189211413 0.022025805 0.940446258 0.339228094 0.117473856 -0.112362504 -0.334831953 0.935554504 -0.008204103
0.992259204 -0.056844339 0.110411614 0.193231627 0.018714147 0.947379112 0.319566458 0.117530175 -0.122767203 -0.315026462 0.941109240 -0.003329251
0.990778804 -0.055749450 0.123488508 0.196367741 0.016464105 0.954209268 0.298686564 0.116669282 -0.134485483 -0.293899149 0.946328104 0.000688542
0.989372611 -0.056791887 0.133853108 0.199051112 0.016880829 0.959206283 0.282202691 0.114927068 -0.144419551 -0.276944041 0.949971080 0.004440095
0.987899423 -0.059984181 0.143027037 0.202628106 0.019084383 0.962188423 0.271715313 0.113268241 -0.153917581 -0.265697747 0.951690137 0.008575238
0.986364901 -0.067498647 0.150094420 0.205776706 0.024607407 0.962257922 0.271024227 0.111790992 -0.162723303 -0.263635337 0.950798333 0.012300912
0.984640300 -0.075791880 0.157286614 0.210520446 0.029458381 0.960067153 0.278214306 0.110190645 -0.172092110 -0.269307613 0.947553575 0.017705046
0.982284725 -0.086530067 0.166220650 0.216610715 0.035964526 0.957568884 0.285951823 0.108013257 -0.183911130 -0.274908006 0.943717241 0.024669260
0.979906678 -0.096330427 0.174652487 0.223568559 0.041522112 0.954977512 0.293758124 0.105846033 -0.195087045 -0.280603617 0.939788580 0.033445839
0.977566481 -0.105593853 0.182246640 0.230721384 0.046437703 0.952015042 0.302507699 0.103224486 -0.205444470 -0.287258208 0.935561419 0.042836636
0.975794375 -0.112588234 0.187481731 0.237844706 0.049484808 0.948731661 0.312185168 0.100931615 -0.213018209 -0.295350999 0.931338251 0.053365119
0.974767089 -0.117312118 0.189913258 0.244593963 0.051061690 0.945395648 0.321900219 0.097615644 -0.217305958 -0.304080427 0.927530706 0.064476185
0.974736571 -0.118929826 0.189061746 0.249481171 0.051200315 0.942886829 0.329154670 0.094647050 -0.217410132 -0.311159104 0.925155580 0.076401278
0.975018620 -0.124445252 0.183989540 0.252836466 0.056467112 0.939975977 0.336535931 0.090296432 -0.214826047 -0.317739427 0.923521161 0.089769065
0.976622939 -0.124720030 0.175078601 0.254072309 0.058587849 0.938076198 0.341438890 0.085884005 -0.206821337 -0.323199570 0.923453808 0.103535868
0.978698552 -0.122353353 0.164860323 0.252450854 0.059716955 0.937946856 0.341598600 0.080625169 -0.196425945 -0.324477017 0.925273776 0.118200704
0.981594801 -0.115884423 0.151797637 0.248886839 0.059002712 0.939989805 0.336062044 0.075130783 -0.181632653 -0.320920318 0.929526567 0.132838637
0.984636247 -0.105719820 0.138977811 0.242371693 0.055251636 0.943627775 0.326364368 0.069763519 -0.165646508 -0.313671440 0.934971392 0.148355439
0.987882137 -0.093779139 0.123670056 0.234042913 0.050298009 0.947251678 0.316519082 0.064391188 -0.146829516 -0.306463331 0.940489948 0.164151639
0.990760148 -0.080107041 0.109441109 0.223419532 0.042738888 0.950224698 0.308620006 0.060317330 -0.128716305 -0.301090986 0.944868445 0.178961501
0.993369877 -0.067354910 0.093164787 0.210112691 0.036145329 0.952283144 0.303068101 0.056642085 -0.109132364 -0.297691256 0.948403955 0.192494929
0.995912910 -0.054691497 0.071876891 0.193992570 0.030613679 0.953115761 0.301053315 0.053694438 -0.084972061 -0.297622442 0.950894594 0.205166012
0.997903228 -0.044288736 0.047198948 0.174772233 0.028040467 0.953067124 0.301457465 0.050850235 -0.058334932 -0.299501836 0.952310741 0.215132624
0.999227822 -0.034980942 0.017885182 0.152838081 0.027890457 0.952208042 0.304174185 0.049595408 -0.027670704 -0.303440452 0.952448547 0.221775547
0.999691904 -0.022749051 -0.009928007 0.127425835 0.024703542 0.950777173 0.308889002 0.050855335 0.002412393 -0.309039056 0.951046288 0.227555335
0.999247432 -0.011257990 -0.037120555 0.099744350 0.022388885 0.948855698 0.314915180 0.052122284 0.031676743 -0.315509170 0.948393643 0.228774190
0.997849107 -0.000309283 -0.065551743 0.070624486 0.021351909 0.946988404 0.320557415 0.054159973 0.061977599 -0.321267515 0.944958210 0.225059107
0.995753348 0.012481356 -0.091211013 0.040339254 0.017959822 0.945393503 0.325435996 0.056752387 0.090292186 -0.325692087 0.941154540 0.218098298
0.993166924 0.027086861 -0.113514125 0.008421971 0.011828436 0.944317102 0.328824341 0.060876381 0.116100132 -0.327920139 0.937544167 0.207309291
0.989750803 0.037621539 -0.137760282 -0.023358006 0.010249637 0.943471253 0.331296027 0.065413810 0.142436713 -0.329312444 0.933415830 0.194128975
0.985967815 0.040320750 -0.161992565 -0.052707627 0.016030720 0.943038404 0.332297802 0.068841629 0.166163668 -0.330231905 0.929159045 0.177024186
