1.000000000 0.000000000 0.000000000 0.000000000 0.000000000 1.000000000 0.000000000 0.000000000 0.000000000 0.000000000 1.000000000 0.000000000
0.999985754 0.001115801 0.005219430 0.000669180 -0.001101093 0.999995410 -0.002819862 0.015154265 -0.005222552 0.002814074 0.999982417 0.006854163
0.999940872 0.004824229 0.009745270 0.000506575 -0.004837855 0.999987364 0.001375131 0.034163225 -0.009738512 -0.001422196 0.999951541 0.014024403
0.999916077 0.005873055 0.011546360 0.000271794 -0.006006856 0.999914825 0.011587827 0.056025509 -0.011477320 -0.011656212 0.999866128 0.020035697
0.999912381 0.005873298 0.011860305 -0.000653443 -0.006157761 0.999690711 0.024092183 0.080262005 -0.011715136 -0.024163105 0.999639392 0.026947347
0.999927759 0.002810266 0.011689054 -0.001407924 -0.003205390 0.999419332 0.033922732 0.105466187 -0.011586935 -0.033957750 0.999356091 0.034721591
0.999921322 0.001600973 0.012445437 -0.002464073 -0.002111506 0.999152124 0.041117437 0.131975085 -0.012369059 -0.041140474 0.999076784 0.041784484
0.999928713 -0.003475793 0.011415808 -0.002797859 0.002942174 0.998917043 0.046432514 0.156530008 -0.011564835 -0.046395607 0.998856187 0.049513541
0.999926865 -0.006020698 0.010484069 -0.003379577 0.005489445 0.998734772 0.049984153 0.181165174 -0.010771745 -0.049922943 0.998694956 0.055621371
0.999932826 -0.006634591 0.009499658 -0.003894690 0.006108508 0.998501837 0.054375987 0.204184040 -0.009846188 -0.054314300 0.998475373 0.061569411
0.999945641 -0.004438588 0.009430976 -0.004574882 0.003866505 0.998200774 0.059835356 0.225728944 -0.009679596 -0.059795637 0.998163700 0.066863470
0.999949932 0.000365022 0.009993568 -0.005292825 -0.001040312 0.997708499 0.067650735 0.245818064 -0.009945977 -0.067657761 0.997658968 0.071151763
0.999967337 0.001373664 0.007955063 -0.006165215 -0.001997021 0.996881306 0.078889869 0.263655007 -0.007821889 -0.078903191 0.996851623 0.073728576
0.999952257 0.004379339 0.008729620 -0.007087237 -0.005177992 0.995589674 0.093671687 0.279950351 -0.008280902 -0.093712419 0.995564878 0.075873286
0.999966145 0.004379454 0.006958045 -0.007490210 -0.005124289 0.993816912 0.110913284 0.292574108 -0.006429282 -0.110945188 0.993805647 0.077277407
0.999976814 0.003359971 0.005910460 -0.008105161 -0.004086234 0.991829395 0.127506241 0.299382746 -0.005433748 -0.127527431 0.991820037 0.077870414
0.999992013 0.001826616 0.003551792 -0.008418852 -0.002309915 0.989975333 0.141221970 0.297499299 -0.003258226 -0.141229048 0.989971519 0.076597512
0.999999464 0.000793754 0.000575634 -0.009668436 -0.000869254 0.989296615 0.145915806 0.287920326 -0.000453649 -0.145916224 0.989296734 0.072808281
0.999999404 0.000982479 0.000092686 -0.010414584 -0.000985597 0.989606380 0.143799230 0.269351125 0.000049559 -0.143799230 0.989606798 0.067770109
0.999983728 0.004360018 0.003692377 -0.012031430 -0.004821255 0.990716875 0.135856628 0.244064346 -0.003065757 -0.135872230 0.990721583 0.060889982
0.999890864 0.011708430 0.009014476 -0.012689366 -0.012746254 0.992034435 0.125320554 0.213277206 -0.007475358 -0.125421762 0.992075384 0.054241218
0.999688089 0.018637773 0.016613910 -0.012834018 -0.020394685 0.993413448 0.112755843 0.178291589 -0.014402961 -0.113059513 0.993483841 0.047198646
0.999302328 0.025882218 0.026919916 -0.013206367 -0.028403109 0.994789124 0.097918332 0.139708415 -0.024245292 -0.098614641 0.994830370 0.039771605
0.998765647 0.032668285 0.037412442 -0.013491394 -0.035658788 0.995971560 0.082274564 0.101462677 -0.034573957 -0.083507083 0.995907307 0.032184109
0.998484135 0.036158238 0.041496016 -0.014799636 -0.038886309 0.996999204 0.066937193 0.062997587 -0.038951166 -0.068449348 0.996894002 0.024739945
0.998396277 0.038618244 0.041393697 -0.016279716 -0.040778693 0.997778177 0.052685563 0.027502898 -0.039267100 -0.054289050 0.997752905 0.016335282
0.998497844 0.038032521 0.039441381 -0.018010860 -0.039594837 0.998430133 0.039616950 -0.007070658 -0.037872728 -0.041119114 0.998436213 0.008748739
0.998528123 0.036324017 0.040274385 -0.019271933 -0.037412684 0.998945415 0.026615305 -0.038732447 -0.039265133 -0.028082903 0.998834133 0.001573101
0.998689950 0.030534392 0.041062124 -0.019653212 -0.031003883 0.999460459 0.010845866 -0.067238927 -0.040708799 -0.012104737 0.999097764 -0.004618244
0.998762190 0.026998995 0.041777655 -0.019456165 -0.026810050 0.999627650 -0.005076274 -0.093130291 -0.041899156 0.003949929 0.999113977 -0.011390717
0.998855233 0.023389669 0.041726511 -0.018771578 -0.022455735 0.999489784 -0.022712398 -0.116412729 -0.042236459 0.021749400 0.998870909 -0.017134083
0.998840034 0.025190676 0.041036345 -0.018218482 -0.023641143 0.999004960 -0.037817501 -0.131462872 -0.041948158 0.036803488 0.998441756 -0.023346443
0.998788416 0.025441328 0.042125918 -0.017801428 -0.023390055 0.998549640 -0.048490785 -0.139770985 -0.043298502 0.047446705 0.997934818 -0.026788257
0.998468339 0.030368499 0.046247900 -0.016817261 -0.028006254 0.998311222 -0.050896432 -0.139875203 -0.047715452 0.049523246 0.997632563 -0.027800599
0.998156548 0.036438726 0.048534896 -0.015247060 -0.034199841 0.998347104 -0.046187393 -0.130970821 -0.050137680 0.044442371 0.997753024 -0.026716551
0.997797132 0.042304073 0.051101290 -0.013478706 -0.040492188 0.998531640 -0.035986561 -0.113362782 -0.052548643 0.033838086 0.998044968 -0.022654735
0.997839034 0.038923960 0.052936576 -0.012393586 -0.037729673 0.999014497 -0.023376236 -0.091202781 -0.053794309 0.021328440 0.998324275 -0.016766919
0.998052061 0.036054894 0.050912660 -0.010003799 -0.035574213 0.999313712 -0.010316254 -0.064136475 -0.051249675 0.008484977 0.998649836 -0.007970611
0.998250842 0.031446580 0.050064813 -0.008287072 -0.031481169 0.999504387 -0.000097694 -0.034898095 -0.050043073 -0.001478571 0.998745978 -0.000112023
0.998232961 0.033864103 0.048829027 -0.006525971 -0.034240667 0.999389768 0.006895866 -0.002886488 -0.048565716 -0.008555621 0.998783350 0.007398644
0.998490572 0.030145803 0.045911383 -0.003626753 -0.030650482 0.999476731 0.010328230 0.029238706 -0.045576010 -0.011719836 0.998892188 0.016740698
0.998758972 0.029875686 0.039848745 -0.001987103 -0.030428039 0.999448001 0.013327459 0.062108658 -0.039428595 -0.014523430 0.999116838 0.024061995
0.998875380 0.028723106 0.037721712 -0.000744159 -0.029419990 0.999404132 0.018051015 0.095163211 -0.037180752 -0.019140488 0.999125242 0.031540241
0.999101281 0.024617843 0.034508288 -0.000524418 -0.025572240 0.999294817 0.027494006 0.128604129 -0.033807110 -0.028351743 0.999026179 0.039180648
0.998994350 0.022122405 0.038999602 -0.000168410 -0.023713781 0.998884857 0.040825911 0.160715371 -0.038052939 -0.041709691 0.998404801 0.047097027
0.998928130 0.017897500 0.042689856 0.000346923 -0.020306157 0.998186171 0.056672774 0.190346688 -0.041598123 -0.057478882 0.997479737 0.054963775
0.998743057 0.018560220 0.046560764 0.000159944 -0.021981750 0.997009754 0.074083805 0.216329426 -0.045046531 -0.075014174 0.996164441 0.060518999
0.998749852 0.019655775 0.045960132 -0.000334980 -0.023796601 0.995533645 0.091358870 0.237892106 -0.043959133 -0.092338361 0.994756937 0.064739957
0.998948634 0.017897181 0.042205021 -0.001456043 -0.022296676 0.994095862 0.106189273 0.253092855 -0.040055353 -0.107018664 0.993449867 0.067360520
0.999093771 0.018197266 0.038477853 -0.002802239 -0.022606421 0.992821157 0.117452048 0.261206806 -0.036064323 -0.118215442 0.992332816 0.068312123
0.999179959 0.018068191 0.036234707 -0.004192548 -0.022442926 0.992001653 0.124213643 0.261041433 -0.033700574 -0.124924995 0.991593659 0.067961574
0.999265552 0.018586108 0.033509038 -0.005685003 -0.022679899 0.991738558 0.126254842 0.251184136 -0.030885622 -0.126922101 0.991431773 0.065433137
0.999347270 0.017342228 0.031689979 -0.007986197 -0.021059306 0.992428482 0.121004798 0.233347893 -0.029351551 -0.121593185 0.992145896 0.060809836
0.999391079 0.017049389 0.030440528 -0.010182212 -0.020255709 0.993907809 0.108337596 0.209612355 -0.028407983 -0.108888239 0.993647993 0.054283623
0.999355078 0.017751116 0.031211289 -0.012351784 -0.020592213 0.995434523 0.093198948 0.181819707 -0.029414413 -0.093781546 0.995158195 0.047175013
0.999191344 0.021411169 0.034034736 -0.013779822 -0.024094058 0.996465027 0.080479331 0.151017055 -0.032191269 -0.081234276 0.996175051 0.040747959
0.999045193 0.022395000 0.037513297 -0.014999121 -0.024996344 0.997207344 0.070375606 0.118846335 -0.035832465 -0.071246102 0.996814907 0.033622172
0.998683035 0.027258823 0.043463428 -0.015284220 -0.030004954 0.997509301 0.063835613 0.086799659 -0.041615091 -0.065055668 0.997013509 0.025105964
0.998443186 0.027248792 0.048670366 -0.015183311 -0.030108416 0.997802496 0.059022114 0.054115515 -0.046955135 -0.060395613 0.997069478 0.016757274
0.998374403 0.026063774 0.050687958 -0.014626643 -0.028817071 0.998104990 0.054368801 0.022277916 -0.049174853 -0.055741102 0.997233570 0.008476040
0.998231649 0.022543587 0.055004563 -0.013749453 -0.025182741 0.998540938 0.047769092 -0.010844723 -0.053847428 -0.049069781 0.997342706 0.001119731
0.997968972 0.017362110 0.061288416 -0.012061515 -0.019718776 0.999080837 0.038059097 -0.042161338 -0.060571305 -0.039190333 0.997394145 -0.005180411
0.997459352 0.013052730 0.070032731 -0.010009133 -0.014823376 0.999581933 0.024823315 -0.074408770 -0.069679454 -0.025798369 0.997235775 -0.012043554
0.997026145 0.009320586 0.076498359 -0.008021025 -0.010007482 0.999912858 0.008600788 -0.105301745 -0.076411530 -0.009340767 0.997032583 -0.018485582
0.996742249 0.009668887 0.080071047 -0.006580232 -0.009036487 0.999925077 -0.008256537 -0.131128535 -0.080144867 0.007506079 0.996754944 -0.025383299
0.996447206 0.010197222 0.083601549 -0.005576749 -0.008136700 0.999655545 -0.024950743 -0.151050746 -0.083827190 0.024181854 0.996186912 -0.031404238
0.996423066 0.013113255 0.083481006 -0.005198302 -0.010163383 0.999312103 -0.035663299 -0.162986860 -0.083891243 0.034687288 0.995871067 -0.037446029
0.996221781 0.015767539 0.085402369 -0.004503032 -0.012351247 0.999107838 -0.040384039 -0.168467909 -0.085962921 0.039176628 0.995527804 -0.039671600
0.995794415 0.020339506 0.089329913 -0.003329186 -0.016738974 0.999024093 -0.040871881 -0.165241718 -0.090074062 0.039204709 0.995163143 -0.037816308
0.995638013 0.023982782 0.090164229 -0.002048346 -0.020588985 0.999050975 -0.038383748 -0.154794216 -0.090999216 0.036359925 0.995186985 -0.034687944
0.995741546 0.025817905 0.088499106 -0.001236507 -0.022820378 0.999136567 -0.034716878 -0.137996927 -0.089319013 0.032549456 0.995471179 -0.029879149
0.995892823 0.025835769 0.086775586 -0.000157439 -0.023230750 0.999252558 -0.030897159 -0.115928955 -0.087508984 0.028754398 0.995748639 -0.022912940
0.995979965 0.026723029 0.085496992 0.000431965 -0.024604797 0.999365985 -0.025734194 -0.091239013 -0.086130500 0.023527099 0.996006012 -0.015989544
0.996463835 0.023916500 0.080546618 0.003478938 -0.022284564 0.999529004 -0.021099236 -0.061663277 -0.081013307 0.019229680 0.996527493 -0.005293305
0.996752083 0.027289413 0.075765833 0.006160146 -0.026242727 0.999546409 -0.014776303 -0.029208107 -0.076134704 0.012740009 0.997016191 0.004509823
0.996998489 0.027067436 0.072534613 0.007501725 -0.026531609 0.999613225 -0.008340717 0.003880779 -0.072732314 0.006391222 0.997331083 0.012449450
0.996919155 0.030920843 0.072084136 0.009661139 -0.031024573 0.999518573 0.000319494 0.038505707 -0.072039559 -0.002554889 0.997398555 0.022214485
0.996468902 0.033750780 0.076880515 0.012446176 -0.034742884 0.999328911 0.011603358 0.072387367 -0.076437309 -0.014233437 0.996972799 0.032131281
0.996980488 0.030256622 0.071516201 0.012636274 -0.032355860 0.999073386 0.028379083 0.105866984 -0.070591278 -0.030607358 0.997035682 0.039962918
0.997392714 0.022150144 0.068682037 0.012422137 -0.025563076 0.998460829 0.049217656 0.139940053 -0.067486152 -0.050845057 0.996423841 0.047877949
0.997867048 0.012495453 0.064072765 0.013014181 -0.017132591 0.997232676 0.072342291 0.169698581 -0.062991515 -0.073285714 0.995319664 0.055244062
0.997985423 0.006627188 0.063096687 0.013909699 -0.012486959 0.995593965 0.092933759 0.196722850 -0.062202796 -0.093534425 0.993671119 0.061624706
0.997997820 0.005064273 0.063044429 0.014307607 -0.011865508 0.994082332 0.107978523 0.221368223 -0.062124535 -0.108510390 0.992152214 0.067103386
0.997902453 0.010097511 0.063943818 0.015051110 -0.017598685 0.992874742 0.117856734 0.242795676 -0.062298127 -0.118734837 0.990969777 0.070873931
0.997948229 0.016932264 0.061746873 0.014988967 -0.024535179 0.991912127 0.124532923 0.259660840 -0.059138842 -0.125792384 0.990292311 0.074175388
0.998251319 0.019836357 0.055685423 0.014245149 -0.026799876 0.991510808 0.127233550 0.270861655 -0.052688833 -0.128503427 0.990308404 0.075421289
0.998573184 0.022072084 0.048626162 0.012442034 -0.028090391 0.991532266 0.126786187 0.276069403 -0.045415975 -0.127971187 0.990737498 0.074895836
0.998856485 0.021835590 0.042532593 0.011000130 -0.027083194 0.991533339 0.126996890 0.273651987 -0.039399441 -0.128003567 0.990990758 0.073302358
0.998989224 0.022874517 0.038694911 0.009713962 -0.027635010 0.991473496 0.127344936 0.263833702 -0.035452023 -0.128285527 0.991103470 0.070880666
0.999001563 0.024509851 0.037350148 0.008630797 -0.029064996 0.991508365 0.126753330 0.247276291 -0.033926286 -0.127712354 0.991230786 0.066411719
0.999002159 0.024808822 0.037136737 0.006970583 -0.029234432 0.991874814 0.123813167 0.224737480 -0.033763334 -0.124775298 0.991610348 0.061396912
0.998991609 0.025191419 0.037164580 0.006064435 -0.029474221 0.992384434 0.119601116 0.198720694 -0.033868626 -0.120575890 0.992126167 0.055580251
0.998748004 0.029553387 0.040360164 0.005006686 -0.034094229 0.992558360 0.116899483 0.168349653 -0.036605045 -0.118129179 0.992323339 0.049546152
0.998221755 0.035425395 0.047942296 0.005046548 -0.040649816 0.992786288 0.112795696 0.135653391 -0.043600623 -0.114543945 0.992460966 0.044934899
0.997696400 0.040433161 0.054472607 0.005560375 -0.046013713 0.993361890 0.105428360 0.101644896 -0.049848206 -0.107691973 0.992933869 0.038192455
0.997412801 0.042271506 0.058144860 0.005319616 -0.047707967 0.994282424 0.095532760 0.065180041 -0.053774104 -0.098059580 0.993726671 0.031199090
0.997268021 0.041121174 0.061365083 0.004660437 -0.046102576 0.995557070 0.082101300 0.028516823 -0.057716340 -0.084706083 0.994733036 0.024670716
0.997021794 0.040034011 0.065916017 0.004522512 -0.044279732 0.996950209 0.064262837 -0.007243764 -0.063142277 -0.066990189 0.995753646 0.019158121
0.996590316 0.037957821 0.073259145 0.003757107 -0.041226171 0.998196840 0.043629047 -0.044112004 -0.071470991 -0.046500489 0.996358156 0.011733353
0.996109724 0.038323544 0.079352789 0.002442711 -0.040194817 0.998946965 0.022119738 -0.078594960 -0.078421541 -0.025223255 0.996601164 0.003256032
0.995483935 0.038824353 0.086628109 0.002864741 -0.039126970 0.999232590 0.001797479 -0.108853407 -0.086491838 -0.005178854 0.996239126 -0.002042304
0.995156348 0.039561369 0.089992724 0.001550055 -0.038383227 0.999153793 -0.014785367 -0.136695996 -0.090501502 0.011259543 0.995832622 -0.010216907
0.995082796 0.036127973 0.092222288 -0.000659529 -0.033647619 0.999032736 -0.028310437 -0.159852773 -0.093155876 0.025068175 0.995335877 -0.018877916
0.995291114 0.033261392 0.091045104 -0.001505821 -0.029919578 0.998836279 -0.037827346 -0.176636726 -0.092197336 0.034925196 0.995128036 -0.024683740
0.995291650 0.027137157 0.093049176 -0.003342519 -0.023291677 0.998839021 -0.042167403 -0.188826829 -0.094085455 0.039801572 0.994768202 -0.029311417
0.995004058 0.025061069 0.096638866 -0.002927369 -0.021078050 0.998894453 -0.042018529 -0.190423608 -0.097585067 0.039771624 0.994432151 -0.027959552
0.994741797 0.022014540 0.100021608 -0.002422795 -0.018227283 0.999087691 -0.038621832 -0.188304275 -0.100780599 0.036595602 0.994235456 -0.026466947
0.994681835 0.021220965 0.100785971 -0.003698624 -0.017866019 0.999259591 -0.034074686 -0.178844720 -0.101434439 0.032092810 0.994324505 -0.023948262
0.994202316 0.019974016 0.105654202 -0.002453161 -0.017051168 0.999448419 -0.028495725 -0.163603455 -0.106165104 0.026528969 0.993994594 -0.018268107
0.993594587 0.020571964 0.111115254 -0.000022753 -0.018196456 0.999584556 -0.022350868 -0.143569946 -0.111528903 0.020185778 0.993556142 -0.009717818
0.992789984 0.025996597 0.117013231 0.003225320 -0.024350306 0.999583602 -0.015477153 -0.121402279 -0.117366865 0.012516253 0.993009865 -0.002421435
0.992100358 0.031126611 0.121523604 0.006375201 -0.030133875 0.999495804 -0.009998782 -0.097096182 -0.121773571 0.006257821 0.992538214 0.005623957
0.991468549 0.040037677 0.124044552 0.008706386 -0.039833553 0.999197721 -0.004126292 -0.071449958 -0.124110267 -0.000850050 0.992268145 0.013806369
0.991172969 0.043982223 0.125066906 0.012091948 -0.044686858 0.998997092 0.002832850 -0.044316586 -0.124816880 -0.008396691 0.992144287 0.024358325
0.991859794 0.046340540 0.118603349 0.014102079 -0.048130963 0.998765588 0.012274815 -0.017971864 -0.117888123 -0.017883386 0.992865860 0.030283200
0.992387176 0.047952749 0.113438815 0.015804308 -0.050858561 0.998444259 0.022860281 0.008345617 -0.112166122 -0.028455591 0.993281960 0.035388336
0.993587255 0.049119841 0.101841316 0.017338226 -0.052891914 0.997998059 0.034673784 0.032891363 -0.099934272 -0.039838009 0.994196236 0.037794981
0.994931281 0.047378737 0.088695496 0.018101802 -0.051718131 0.997541904 0.047282189 0.054798029 -0.086237289 -0.051629700 0.994935811 0.038040709
0.996140599 0.043336023 0.076327406 0.017917551 -0.048080601 0.996950686 0.061461080 0.073237918 -0.073431179 -0.064893737 0.995186746 0.036521338
0.997265399 0.037306134 0.063796856 0.017887594 -0.042166784 0.996168137 0.076622859 0.088141978 -0.060693879 -0.079103447 0.995016992 0.033296704
0.997978747 0.030520348 0.055741340 0.017860167 -0.035596788 0.995078444 0.092475221 0.099234954 -0.052644629 -0.094272509 0.994153500 0.029924724
0.998632908 0.022602512 0.047132384 0.017003290 -0.027599519 0.993743777 0.108220264 0.107235059 -0.044391468 -0.109373167 0.993009031 0.025846750
0.999099433 0.015246227 0.039599955 0.016549328 -0.020172549 0.991678655 0.127147123 0.111332178 -0.037331924 -0.127831429 0.991093099 0.021466995
0.999386668 0.008531792 0.033960588 0.016143246 -0.013408039 0.989184737 0.146060407 0.113053523 -0.032347143 -0.146426186 0.988692582 0.016094975
0.999405205 0.003233778 0.034330819 0.015799304 -0.008926179 0.985919476 0.166981950 0.114333965 -0.033307444 -0.167189091 0.985362113 0.011973228
0.999175549 -0.001968078 0.040549472 0.015717223 -0.005810070 0.981610179 0.190808058 0.114242956 -0.040179297 -0.190886334 0.980789542 0.008462379
0.998544216 -0.005308062 0.053678069 0.016045516 -0.006379896 0.976538360 0.215248674 0.114075057 -0.053561255 -0.215277791 0.975082934 0.005638260
0.997741163 -0.011002451 0.066268981 0.014828399 -0.005009463 0.971563041 0.236727938 0.112918727 -0.066989101 -0.236525193 0.969313204 0.003107617
0.996944368 -0.017387077 0.076154776 0.012774467 -0.002624439 0.966907382 0.255113482 0.111576766 -0.078070313 -0.254533827 0.963907421 0.000156447
0.996506453 -0.023427268 0.080161929 0.010165136 0.000711197 0.962195158 0.272359848 0.109777831 -0.083512068 -0.271351367 0.958850503 -0.003938561
0.996335804 -0.027144302 0.081105404 0.007658010 0.002389546 0.956764102 0.290854871 0.109039053 -0.085493803 -0.289595306 0.953323305 -0.008543907
0.996026516 -0.033993699 0.082314648 0.005807184 0.006815190 0.950668275 0.310134590 0.108195685 -0.088796549 -0.308341265 0.947122395 -0.012912536
0.995772064 -0.039469521 0.082947701 0.004860901 0.009904477 0.943852842 0.330217957 0.108436413 -0.091323949 -0.328000158 0.940253019 -0.018174898
0.995513737 -0.046647601 0.082319729 0.004262375 0.014972375 0.936725855 0.349743634 0.108705744 -0.093425713 -0.346941978 0.933221757 -0.024102639
0.995520473 -0.047716394 0.081622109 0.004617407 0.014363975 0.929612100 0.368259400 0.109789722 -0.093448907 -0.365437299 0.926133215 -0.030164469
0.995579660 -0.047292255 0.081145607 0.005900754 0.012589975 0.923378408 0.383684754 0.110415287 -0.093073383 -0.380967021 0.919892132 -0.036252081
0.995883524 -0.046206489 0.077980675 0.008261502 0.011612252 0.918261051 0.395805299 0.110170029 -0.089895368 -0.393270373 0.915017605 -0.041206200
0.996154606 -0.045288201 0.075000376 0.011405771 0.011276393 0.915193498 0.402857125 0.108812384 -0.086884506 -0.400462151 0.912184834 -0.044860259
0.996107340 -0.046796236 0.074702159 0.015758021 0.012680609 0.914707124 0.403918713 0.106536254 -0.087232463 -0.401399016 0.911739647 -0.046907481
0.996274114 -0.046206541 0.072821602 0.020316089 0.013301861 0.916589499 0.399608433 0.104028493 -0.085212044 -0.397150785 0.913788915 -0.047996875
0.996564388 -0.047041334 0.068167262 0.024557659 0.016583484 0.919712961 0.392241359 0.102384284 -0.081145853 -0.389763176 0.917333126 -0.047928616
0.996843219 -0.046561614 0.064310156 0.029393706 0.018284822 0.922847390 0.384731829 0.100539230 -0.077262163 -0.382341325 0.920785367 -0.046555374
0.997043550 -0.043946818 0.063031249 0.032812081 0.016933866 0.925803065 0.377626866 0.099905677 -0.074950002 -0.375443012 0.923810065 -0.044691674
0.997392535 -0.038767472 0.060872488 0.034562331 0.013320019 0.927865922 0.372676253 0.099487476 -0.070929222 -0.370893538 0.925962806 -0.042579118
0.997731626 -0.036055561 0.056848012 0.035858549 0.012616683 0.929661334 0.368199229 0.099137880 -0.066125028 -0.366646707 0.928007305 -0.040545322
0.998143435 -0.029088115 0.053513777 0.036452617 0.007479606 0.930480719 0.366264671 0.098213986 -0.060447469 -0.365184307 0.928970695 -0.038229175
0.998339593 -0.026549881 0.051119119 0.037392356 0.005912667 0.929989517 0.367538661 0.097328216 -0.057298344 -0.366626084 0.928602278 -0.035824224
0.998536050 -0.022322869 0.049269699 0.038966764 0.002424184 0.928423762 0.371515244 0.096691206 -0.054036431 -0.370851874 0.927118599 -0.033387117
0.998641312 -0.019324599 0.048396979 0.041999012 -0.000274489 0.926739335 0.375704855 0.096066773 -0.052111730 -0.375207543 0.925474763 -0.031094177
0.998719394 -0.018581461 0.047058765 0.045872625 -0.000615889 0.925583363 0.378543556 0.095312387 -0.050590690 -0.378087699 0.924386382 -0.028128188
0.998674750 -0.019845141 0.047487594 0.051709257 0.000295330 0.924866319 0.380292356 0.094838709 -0.051466618 -0.379774272 0.923646450 -0.025115490
0.998599350 -0.022285331 0.047987200 0.059529401 0.002320290 0.924541712 0.381074101 0.094198070 -0.052858509 -0.380428910 0.923298359 -0.022010308
0.998444438 -0.024121605 0.050268833 0.069075763 0.003038946 0.923777759 0.382916987 0.092906721 -0.055673786 -0.382168412 0.922414064 -0.018499965
0.998296499 -0.026793530 0.051830385 0.080268137 0.004837215 0.923273087 0.384113967 0.092163771 -0.058145359 -0.383208752 0.921829760 -0.015350467
0.998108208 -0.031127611 0.053020030 0.092927091 0.008234691 0.922276855 0.386442125 0.091076955 -0.060928151 -0.385274351 0.920788407 -0.012082821
0.997935712 -0.035581414 0.053461537 0.107440829 0.012089737 0.921682954 0.387755454 0.090122834 -0.063071474 -0.386308700 0.920210600 -0.010119123
0.997715116 -0.039777681 0.054608941 0.123364493 0.015415584 0.921012223 0.389228612 0.088485494 -0.065778114 -0.387497544 0.919521034 -0.008277345
0.997392058 -0.043842576 0.057331640 0.140781760 0.018135637 0.921107948 0.388884693 0.086668998 -0.069858328 -0.386830747 0.919500828 -0.006060772
0.996958435 -0.048634205 0.060899198 0.158937126 0.021504126 0.922726572 0.384854853 0.084510326 -0.074910417 -0.382374734 0.920965850 -0.003962729
0.996405840 -0.053602252 0.065590724 0.177926391 0.024889646 0.925406337 0.378158212 0.082278058 -0.080968201 -0.375166565 0.923414409 -0.001639023
0.995646477 -0.060397089 0.070994996 0.197131202 0.029885497 0.928306699 0.370612442 0.080203101 -0.088289045 -0.366877258 0.926070213 0.000966463
0.994815886 -0.064628899 0.078513719 0.215613872 0.031497680 0.929931045 0.366382360 0.077864937 -0.096691214 -0.362009972 0.927145898 0.003491409
0.994026363 -0.069934733 0.083789282 0.234300241 0.034694996 0.930382967 0.364943445 0.076832376 -0.103478342 -0.359856337 0.927251637 0.005456708
0.993185341 -0.073491856 0.090453655 0.251881123 0.035331737 0.929460824 0.367224962 0.077054843 -0.111061178 -0.361526519 0.925723374 0.007362586
0.992118299 -0.077446178 0.098505124 0.269327998 0.035214685 0.926772535 0.373968840 0.078108005 -0.120254286 -0.367552459 0.922195256 0.008829821
0.990935266 -0.079782292 0.108082570 0.285914361 0.032315724 0.922490358 0.384665102 0.079567805 -0.130394593 -0.377685517 0.916706562 0.010492083
0.989709973 -0.085796162 0.114512414 0.300452501 0.034088895 0.918631375 0.393642247 0.081455909 -0.138967693 -0.385688037 0.912103415 0.011917092
0.989297271 -0.089275084 0.115415968 0.313357502 0.035895828 0.915582240 0.400525481 0.082943559 -0.141429752 -0.392095864 0.908987641 0.012461819
0.989182115 -0.089275278 0.116398431 0.324871659 0.034937367 0.914030910 0.404137164 0.084884115 -0.142471224 -0.395698607 0.907262087 0.013492748
0.989363909 -0.088397920 0.115519755 0.334005475 0.034467820 0.914011776 0.404220939 0.086953670 -0.141318679 -0.395939916 0.907337129 0.014472529
0.989516318 -0.088252589 0.114318885 0.340652794 0.035066307 0.914699793 0.402610004 0.088574708 -0.140098810 -0.394380480 0.908205032 0.015356071
0.989710987 -0.089669108 0.111496612 0.345370024 0.037984043 0.915957749 0.399473011 0.089523189 -0.137946561 -0.391127735 0.909939468 0.015918121
0.990075707 -0.089218609 0.108583055 0.347603083 0.039278056 0.917518854 0.395747840 0.090668969 -0.134935066 -0.387555361 0.911917448 0.016333848
0.990071416 -0.091743745 0.106497481 0.348414958 0.042814650 0.918461025 0.393187553 0.091203898 -0.133886263 -0.384724081 0.913269877 0.016073987
0.989951551 -0.093027495 0.106498107 0.346707493 0.044194728 0.918945670 0.391899914 0.092052273 -0.134323433 -0.383255213 0.913823128 0.015666738
0.989670575 -0.092089340 0.109871656 0.343477339 0.041852146 0.918606997 0.392949969 0.092229098 -0.137115359 -0.384292662 0.912972391 0.014628515
0.989520252 -0.090810932 0.112264201 0.337963939 0.039745782 0.918744147 0.392847925 0.091305509 -0.138816953 -0.384268880 0.912725210 0.013284609
0.989565134 -0.090616904 0.112024367 0.329803377 0.039767530 0.919047594 0.392135143 0.089971647 -0.138489813 -0.383588284 0.913061082 0.011283338
0.989824951 -0.089596063 0.110539310 0.319807827 0.039508864 0.919371545 0.391401172 0.088687792 -0.136694685 -0.383051395 0.913556933 0.009029992
0.990245342 -0.089897037 0.106454574 0.307844698 0.041278735 0.919001639 0.392086923 0.088482395 -0.133079380 -0.383867890 0.913747907 0.006056197
0.990983665 -0.086878575 0.101997942 0.294461429 0.039844122 0.917926073 0.394745618 0.088968039 -0.127921492 -0.387122393 0.913111329 0.003251113
0.991533995 -0.084842011 0.098296970 0.279588938 0.039058320 0.916834831 0.397351742 0.090157166 -0.123834193 -0.390148401 0.912386596 0.001368888
0.992052972 -0.083841518 0.093816340 0.263014406 0.039760459 0.916325510 0.398455471 0.091154754 -0.119373381 -0.391558737 0.912377000 -0.000786118
0.992635310 -0.082738630 0.088483907 0.244628698 0.040885787 0.916381299 0.398213297 0.091639623 -0.114032604 -0.391662806 0.913015187 -0.002897449
0.993283808 -0.079297394 0.084257096 0.224750698 0.039605659 0.917244256 0.396351278 0.091960788 -0.108713955 -0.390352279 0.914224446 -0.005546860
0.993986070 -0.076134861 0.078708872 0.204669461 0.039265044 0.918762922 0.392852455 0.091561891 -0.102224559 -0.387399375 0.916227043 -0.008357327
0.994693100 -0.072270103 0.073229820 0.183340743 0.038351022 0.920901477 0.387904197 0.090696074 -0.095471315 -0.383037180 0.918786049 -0.011961196
0.995420456 -0.066658184 0.068517610 0.161145329 0.035477970 0.923186541 0.382711142 0.089731641 -0.088765375 -0.378527641 0.921323776 -0.014934313
0.995918930 -0.063588329 0.064046621 0.139023066 0.034748334 0.925095081 0.378142178 0.088028044 -0.083294645 -0.374373466 0.923529387 -0.018248083
0.996317446 -0.061731651 0.059504192 0.116274253 0.034849759 0.925645530 0.376783580 0.085713290 -0.078339279 -0.373322397 0.924388170 -0.021183020
0.996712029 -0.058451939 0.056111269 0.092125408 0.033109285 0.925876141 0.376373976 0.085313447 -0.073951863 -0.373278737 0.924767017 -0.023941783
0.997230470 -0.053756248 0.051398184 0.067932025 0.030365780 0.925135434 0.378420770 0.085543603 -0.067892775 -0.375811934 0.924205601 -0.026461910
0.997649074 -0.050520003 0.046302557 0.043821964 0.029015008 0.923514128 0.382465571 0.086126626 -0.062083218 -0.380223006 0.922808886 -0.029106822
0.998069525 -0.044792943 0.043019935 0.019669188 0.024791172 0.922453463 0.385311723 0.088086747 -0.056943126 -0.383501440 0.921783209 -0.030420121
0.998296678 -0.039705098 0.042745057 -0.005273055 0.020146955 0.922229886 0.386116773 0.089283936 -0.054751571 -0.384597927 0.921459019 -0.032459717
0.998459160 -0.037525300 0.040881142 -0.029314594 0.018948507 0.922966421 0.384413928 0.090831637 -0.052157171 -0.383046955 0.922255278 -0.033872630
0.998621285 -0.036138199 0.038072791 -0.053751525 0.018863702 0.923898876 0.382171571 0.092246912 -0.048986405 -0.380926460 0.923306823 -0.035343755
0.998787105 -0.033739980 0.035859875 -0.077260651 0.017599035 0.924827874 0.379978567 0.093832918 -0.045984689 -0.378886580 0.924299955 -0.037209831
0.998980105 -0.031281266 0.032559965 -0.100334950 0.016683865 0.925825000 0.377584100 0.095443368 -0.041956142 -0.376655728 0.925402701 -0.038764212
0.999114871 -0.029136932 0.030341081 -0.123364769 0.015612732 0.926604867 0.375712246 0.097775772 -0.039061300 -0.374906003 0.926239550 -0.040137310
0.999348760 -0.026791528 0.024172377 -0.146299720 0.015709667 0.926095366 0.376962334 0.099755727 -0.032485329 -0.376337081 0.925913095 -0.041720234
0.999595106 -0.023569360 0.015935406 -0.167689458 0.015740717 0.924718142 0.380327076 0.102972962 -0.023699818 -0.379922330 0.924714863 -0.043337360
0.999762237 -0.019731995 0.009269590 -0.187674284 0.014615070 0.922125161 0.386615813 0.106060028 -0.016176417 -0.386388481 0.922194362 -0.044378806
0.999845743 -0.017557340 0.000357130 -0.205376670 0.016008262 0.919613421 0.392498314 0.109421663 -0.007219639 -0.392432094 0.919752657 -0.045768291
0.999830365 -0.016238164 -0.008706818 -0.222069085 0.018358268 0.918186545 0.395722508 0.112596624 0.001568677 -0.395815134 0.918328881 -0.046835944
0.999736905 -0.014588607 -0.017704599 -0.236416057 0.020395121 0.918549836 0.394778371 0.115199335 0.010503291 -0.395035565 0.918605804 -0.048055988
0.999625683 -0.013187352 -0.023971846 -0.248694703 0.021493779 0.920634985 0.389832258 0.115837097 0.016928466 -0.390201598 0.920573831 -0.049294062
0.999487460 -0.011493908 -0.029879812 -0.258643180 0.022099124 0.922997594 0.384170771 0.115786321 0.023163367 -0.384634167 0.922778428 -0.050593689
0.999314189 -0.011205442 -0.035294577 -0.266032875 0.023708470 0.925764859 0.377355605 0.115833402 0.028446048 -0.377933562 0.925395608 -0.051526256
0.999248922 -0.009666635 -0.037525639 -0.269865543 0.022975143 0.927611768 0.372838616 0.115683012 0.031205125 -0.373420656 0.927137136 -0.052402552
0.999279380 -0.007490350 -0.037209976 -0.270376980 0.020797102 0.928129017 0.371677309 0.114973553 0.031751670 -0.372183353 0.927615941 -0.053770378
0.999369204 -0.005543688 -0.035079256 -0.267782003 0.018237945 0.927661121 0.372977674 0.114575289 0.030473987 -0.373382151 0.927177012 -0.055209830
0.999506831 -0.005565218 -0.030903824 -0.261951029 0.016764455 0.926746070 0.375314176 0.113720380 0.026551291 -0.375647157 0.926382303 -0.056624167
0.999675870 -0.004803276 -0.025004217 -0.253457397 0.013871039 0.926257730 0.376635313 0.113005832 0.021351265 -0.376859993 0.926024079 -0.057652812
0.999830604 -0.005745309 -0.017488534 -0.241749242 0.011904085 0.926460087 0.376204580 0.112127617 0.014041021 -0.376348972 0.926371694 -0.058526732
0.999937892 -0.004491487 -0.010196896 -0.227608413 0.007984287 0.927164376 0.374569505 0.110150777 0.007771826 -0.374627650 0.927142799 -0.060230039
0.999985635 -0.004785011 -0.002412786 -0.211756065 0.005338986 0.928358734 0.371647149 0.108218871 0.000461595 -0.371654630 0.928370953 -0.061719187
0.999981642 -0.005284931 0.002967129 -0.193535551 0.003820242 0.929665685 0.368384480 0.106513120 -0.004705325 -0.368366301 0.929668844 -0.062940747
0.999931633 -0.006515424 0.009708315 -0.174432606 0.002504836 0.930437863 0.366441220 0.105110139 -0.011420504 -0.366391867 0.930390537 -0.063823976
0.999855161 -0.007960936 0.015037779 -0.153855026 0.001895032 0.930397213 0.366548330 0.104429290 -0.016909167 -0.366466761 0.930277705 -0.063167468
0.999724448 -0.012149162 0.020082805 -0.132353708 0.003868334 0.929200351 0.369556487 0.103275478 -0.023150746 -0.369376987 0.928991437 -0.063284077
0.999639392 -0.016598901 0.021109162 -0.110273279 0.007475570 0.927019835 0.374938190 0.102218390 -0.025792168 -0.374645174 0.926809549 -0.062838480
0.999495983 -0.022019692 0.022867072 -0.087280087 0.011663614 0.924667239 0.380597502 0.102324672 -0.029525071 -0.380139023 0.924458027 -0.061787494
0.999384165 -0.024382185 0.025238525 -0.063622236 0.012784712 0.922746778 0.385194719 0.102285184 -0.032680653 -0.384634823 0.922490120 -0.060358085
0.999268353 -0.025572373 0.028440908 -0.039438002 0.012560236 0.921780705 0.387507945 0.102318883 -0.036125787 -0.386867166 0.921427488 -0.058616210
0.999245286 -0.026240857 0.028641716 -0.015669292 0.013090156 0.921678483 0.387733728 0.102238998 -0.036572918 -0.387066126 0.921326399 -0.056795891
0.999250531 -0.027853135 0.026880825 0.007489278 0.015314443 0.922241509 0.386310726 0.101696394 -0.035550579 -0.385609567 0.921976924 -0.054967184
0.999267399 -0.029232599 0.024700716 0.030145572 0.017480005 0.922780037 0.384930462 0.101267464 -0.034045845 -0.384216726 0.922614932 -0.052515857
0.999181330 -0.032485083 0.024112001 0.052008301 0.020705167 0.922660828 0.385056585 0.100297734 -0.034755796 -0.384242147 0.922577977 -0.050364621
0.999107957 -0.034532946 0.024306940 0.073198870 0.022478836 0.922161400 0.386151761 0.099931054 -0.035749882 -0.385260850 0.922115028 -0.047978550
0.998959422 -0.037363723 0.026154481 0.092902727 0.024271820 0.921036005 0.388720393 0.099972576 -0.038613260 -0.387681067 0.920984566 -0.045359224
0.998790264 -0.039579242 0.029179718 0.111206047 0.025029082 0.919987321 0.391148150 0.101102561 -0.042326316 -0.389944673 0.919864953 -0.041708261
0.998554349 -0.042127859 0.033381149 0.126793861 0.025593851 0.918786407 0.393924415 0.102509387 -0.047265336 -0.392500669 0.918536484 -0.038975377
0.998292387 -0.045255538 0.036933221 0.140191853 0.027013216 0.918270826 0.395030409 0.104721196 -0.051792011 -0.393358171 0.917925358 -0.035875086
0.998029888 -0.048800331 0.039429609 0.150996104 0.029287603 0.918181777 0.395075321 0.107572198 -0.055483341 -0.393142313 0.917802155 -0.032248985
0.997789204 -0.049878530 0.043918192 0.161771685 0.028631588 0.918995321 0.393227488 0.110242046 -0.059974231 -0.391100734 0.918391645 -0.028268727
0.997005045 -0.053038433 0.056283768 0.170637861 0.027195040 0.921737492 0.386859685 0.112594344 -0.072397292 -0.384170413 0.920419335 -0.023228241
0.995673180 -0.057197332 0.073234014 0.178335086 0.025651151 0.926669300 0.375001222 0.115150630 -0.089312792 -0.371500194 0.924127102 -0.017423451
0.994433701 -0.059907559 0.086675972 0.184988827 0.025027078 0.933389246 0.357991874 0.116669998 -0.102348842 -0.353830040 0.929692984 -0.011837550
0.993461549 -0.058361102 0.098122314 0.189869553 0.021778915 0.940562606 0.338921368 0.117822833 -0.112070009 -0.334568381 0.935683846 -0.006341707
0.992252350 -0.056674626 0.110557809 0.193619624 0.018628623 0.947698772 0.318622142 0.117989175 -0.122833289 -0.314094067 0.941412151 -0.001676653
0.990758598 -0.055748574 0.123650908 0.196755141 0.016515026 0.954428792 0.297981203 0.117056616 -0.134628028 -0.293185323 0.946529269 0.002379034
0.989419281 -0.056452025 0.133651674 0.199690536 0.016761884 0.959505737 0.281189919 0.115456358 -0.144113302 -0.275974512 0.950299621 0.006046541
0.987933636 -0.059910432 0.142820865 0.203291297 0.019196033 0.962408602 0.270926237 0.113512784 -0.153683349 -0.264915556 0.951946020 0.010045793
0.986421049 -0.067673519 0.149645880 0.206604123 0.024961263 0.962351024 0.270661443 0.112072431 -0.162328452 -0.263250768 0.950972497 0.014073305
0.984684765 -0.075776637 0.157015398 0.211210549 0.029531470 0.960085332 0.278143793 0.110117212 -0.171824992 -0.269247025 0.947619200 0.019077875
0.982323110 -0.086321808 0.166101962 0.217242345 0.035813633 0.957602739 0.285857141 0.108035117 -0.183735386 -0.274855375 0.943766773 0.026208393
0.979991019 -0.095741548 0.174502715 0.224054515 0.041001588 0.955014527 0.293711096 0.105849288 -0.194772959 -0.280679375 0.939831138 0.034896519
0.977605164 -0.105461679 0.182115614 0.231389433 0.046392180 0.952080965 0.302306980 0.103374086 -0.205270648 -0.287088126 0.935651839 0.044414088
0.975834846 -0.112171218 0.187520862 0.238412172 0.049128421 0.948838055 0.311917782 0.101028822 -0.212915123 -0.295167625 0.931419969 0.054870360
0.974789500 -0.116833277 0.190093428 0.245167360 0.050632626 0.945553243 0.321504772 0.097917140 -0.217305914 -0.303774536 0.927630901 0.066237770
0.974784911 -0.119178802 0.188655078 0.250290483 0.051582307 0.942879379 0.329116821 0.094766602 -0.217102736 -0.311086893 0.925252020 0.077830791
0.975076795 -0.124763489 0.183465153 0.253616333 0.057005852 0.940033138 0.336285830 0.090519652 -0.214419514 -0.317445874 0.923716664 0.091192774
0.976625264 -0.125227496 0.174702793 0.254724503 0.059215099 0.938058794 0.341378629 0.085893661 -0.206631437 -0.323053956 0.923547268 0.104956500
0.978627086 -0.122573979 0.165119559 0.252740830 0.059968118 0.938147843 0.341001987 0.081163183 -0.196704522 -0.323811859 0.925447583 0.119733572
0.981555581 -0.115763865 0.152142376 0.248974577 0.058822319 0.940090656 0.335811585 0.075476632 -0.181902468 -0.320668370 0.929560900 0.134428844
0.984631956 -0.105995715 0.138797656 0.242783576 0.055687644 0.943824112 0.325722188 0.070198171 -0.165525720 -0.312987208 0.935222089 0.149516091
0.987867892 -0.093999080 0.123616405 0.234400615 0.050656982 0.947513282 0.315677822 0.064905025 -0.146801621 -0.305585980 0.940779686 0.165008947
0.990744770 -0.080318570 0.109424330 0.223555773 0.043095708 0.950562716 0.307527602 0.060896002 -0.128714859 -0.299965620 0.945226550 0.179900572
0.993370712 -0.067456603 0.093081519 0.210305929 0.036373712 0.952567101 0.302147448 0.057258293 -0.109048210 -0.296758711 0.948705912 0.193995103
0.995889723 -0.055394337 0.071658999 0.194808021 0.031367697 0.953148186 0.300872773 0.054086395 -0.084968306 -0.297388315 0.950968206 0.206813663
0.997916520 -0.044323403 0.046883833 0.175667644 0.028187905 0.953164876 0.301134497 0.051125735 -0.058035336 -0.299185514 0.952428401 0.216253459
0.999228299 -0.035038944 0.017749626 0.153414652 0.027996287 0.952308714 0.303849012 0.050173149 -0.027549669 -0.303117663 0.952554822 0.223450616
0.999666870 -0.023708284 -0.010210872 0.127936870 0.025703069 0.950774848 0.308814615 0.050293501 0.002386764 -0.308974177 0.951067448 0.228155226
0.999239743 -0.012250688 -0.037011210 0.099996433 0.023298780 0.948815584 0.314970076 0.050983042 0.031258218 -0.315592974 0.948379636 0.228455380
0.997837186 -0.001599267 -0.065715864 0.070902772 0.022636587 0.946919680 0.320672065 0.053228717 0.061714806 -0.321466118 0.944907844 0.225271299
0.995748401 0.012487728 -0.091264963 0.040185072 0.017983083 0.945351481 0.325556666 0.056896478 0.090342931 -0.325813800 0.941107631 0.219389036
0.993175030 0.027887776 -0.113250315 0.007879963 0.011027864 0.944189787 0.329217196 0.060482420 0.116110943 -0.328219175 0.937438190 0.207777694
0.989667654 0.036190476 -0.138737872 -0.023302449 0.011998473 0.943322718 0.331659943 0.064227119 0.142877504 -0.329897791 0.933141768 0.193285346
0.986117303 0.039518896 -0.161278665 -0.053431377 0.016591292 0.942956388 0.332502544 0.068329155 0.165218875 -0.330562323 0.929210067 0.177011982
