[LEFT_CAM_2K]
fx = 1398.54
fy = 1398.54
cx = 1157.06
cy = 657.515
k1 = -0.17
k2 = 0.0229675


[RIGHT_CAM_2K]
fx = 1401.81
fy = 1401.81
cx = 1163.28
cy = 693.612
k1 = -0.172008
k2 = 0.0255984


[LEFT_CAM_FHD]
fx = 1398.54
fy = 1398.54
cx = 1013.06
cy = 576.515
k1 = -0.17
k2 = 0.0229675


[RIGHT_CAM_FHD]
fx = 1401.81
fy = 1401.81
cx = 1019.28
cy = 612.612
k1 = -0.172008
k2 = 0.0255984


[LEFT_CAM_HD]
fx = 699.269
fy = 699.269
cx = 665.028
cy = 376.758
k1 = -0.17
k2 = 0.0229675


[RIGHT_CAM_HD]
fx = 700.905
fy = 700.905
cx = 668.138
cy = 394.806
k1 = -0.172008
k2 = 0.0255984


[LEFT_CAM_VGA]
fx = 349.634
fy = 349.634
cx = 348.014
cy = 195.879
k1 = -0.17
k2 = 0.0229675


[RIGHT_CAM_VGA]
fx = 350.452
fy = 350.452
cx = 349.569
cy = 204.903
k1 = -0.172008
k2 = 0.0255984


[STEREO]
Baseline = 120
CV_2K = 0.0146823
CV_FHD = 0.0146823
CV_HD = 0.0146823
CV_VGA = 0.0146823
RX_2K = 0.00872815
RX_FHD = 0.00872815
RX_HD = 0.00872815
RX_VGA = 0.00872815
RZ_2K = -0.00121669
RZ_FHD = -0.00121669
RZ_HD = -0.00121669
RZ_VGA = -0.00121669
