1.000000000 0.000000000 0.000000000 0.000000000 0.000000000 1.000000000 0.000000000 0.000000000 0.000000000 0.000000000 1.000000000 0.000000000
0.999985754 0.001116317 0.005222161 0.000669147 -0.001101569 0.999995410 -0.002826181 0.015156168 -0.005225292 0.002820388 0.999982357 0.006855506
0.999941051 0.004811438 0.009733401 0.000515115 -0.004825003 0.999987423 0.001370634 0.034162644 -0.009726685 -0.001417517 0.999951661 0.014021670
0.999917030 0.005630109 0.011585419 0.000393523 -0.005765060 0.999915540 0.011648102 0.055888772 -0.011518861 -0.011713926 0.999865055 0.020580066
0.999913871 0.005550507 0.011891154 -0.000495623 -0.005836280 0.999691725 0.024133950 0.080058321 -0.011753532 -0.024201272 0.999638021 0.027547419
0.999935627 0.001773515 0.011208011 -0.000948771 -0.002154390 0.999417365 0.034062266 0.105174802 -0.011141071 -0.034084219 0.999356866 0.034859724
0.999926805 0.000611082 0.012084205 -0.002254604 -0.001108579 0.999150097 0.041205425 0.131778821 -0.012048754 -0.041215803 0.999077618 0.041448418
0.999928415 -0.004053286 0.011259723 -0.002841109 0.003528702 0.998924851 0.046224892 0.156993568 -0.011434981 -0.046181850 0.998867571 0.048984960
0.999924123 -0.006728334 0.010316069 -0.003404356 0.006207651 0.998744905 0.049700029 0.181543112 -0.010637520 -0.049632221 0.998710930 0.055236213
0.999929667 -0.007391798 0.009276124 -0.003938078 0.006878621 0.998507202 0.054184951 0.204606414 -0.009662800 -0.054117333 0.998487830 0.061266560
0.999941826 -0.006376028 0.008697327 -0.004649048 0.005850183 0.998228908 0.059201237 0.226391122 -0.009059393 -0.059146911 0.998208165 0.066176422
0.999953926 -0.000970416 0.009551324 -0.005327105 0.000325153 0.997730792 0.067328475 0.246708557 -0.009594986 -0.067322269 0.997685134 0.070562892
0.999970853 0.000288010 0.007626691 -0.006278073 -0.000885786 0.996914268 0.078492686 0.264557689 -0.007580551 -0.078497157 0.996885538 0.073153928
0.999961197 0.003111275 0.008243531 -0.007221359 -0.003867407 0.995625138 0.093357310 0.280854762 -0.007917007 -0.093385562 0.995598555 0.075302884
0.999968648 0.003554747 0.007075698 -0.007938601 -0.004316528 0.993840396 0.110736929 0.292807728 -0.006638473 -0.110763997 0.993824542 0.076423772
0.999980330 0.002082353 0.005917141 -0.008482838 -0.002817663 0.991884053 0.127114519 0.299698025 -0.005604421 -0.127128690 0.991870403 0.077579409
0.999993324 -0.000409217 0.003623270 -0.009453856 -0.000103677 0.990089715 0.140436172 0.298396498 -0.003644831 -0.140435621 0.990083098 0.075754747
0.999999821 -0.000360232 0.000506513 -0.010063119 0.000282638 0.989341795 0.145611748 0.288440883 -0.000553569 -0.145611584 0.989341676 0.072075181
0.999999702 0.000640461 0.000379600 -0.010904036 -0.000688174 0.989716172 0.143043414 0.270519227 -0.000284082 -0.143043637 0.989716351 0.067030519
0.999990463 0.003046406 0.003137242 -0.011685389 -0.003443260 0.990779459 0.135440752 0.245421678 -0.002695707 -0.135450259 0.990780473 0.061164241
0.999913990 0.009995176 0.008488184 -0.012354002 -0.010977351 0.992109776 0.124890670 0.214462861 -0.007172906 -0.124973111 0.992134213 0.054185461
0.999730289 0.016906183 0.015920823 -0.012493441 -0.018590685 0.993488610 0.112404339 0.178668484 -0.013916829 -0.112670004 0.993534982 0.047367983
0.999368429 0.023943635 0.026257858 -0.012903366 -0.026399782 0.994877934 0.097575128 0.139799088 -0.023787061 -0.098206706 0.994881690 0.039706372
0.998850644 0.030863047 0.036673024 -0.012937052 -0.033793934 0.996043563 0.082189932 0.101402268 -0.033991300 -0.083334789 0.995941699 0.032393500
0.998521686 0.035613574 0.041062456 -0.014339807 -0.038317665 0.997012556 0.067064688 0.062667593 -0.038551372 -0.068538964 0.996903300 0.024481826
0.998420000 0.038236983 0.041175801 -0.015725831 -0.040387429 0.997791946 0.052726690 0.027478397 -0.039068773 -0.054306366 0.997759700 0.016522177
0.998534799 0.037268333 0.039233595 -0.017667223 -0.038819425 0.998463452 0.039544597 -0.006179348 -0.037699550 -0.041009683 0.998447299 0.008972575
0.998564363 0.035562064 0.040056288 -0.018795788 -0.036637813 0.998978496 0.026449686 -0.037492950 -0.039074767 -0.027879288 0.998847306 0.001641061
0.998726904 0.029759251 0.040730681 -0.019112596 -0.030220527 0.999485373 0.010756468 -0.066539541 -0.040389616 -0.011973676 0.999112248 -0.004445970
0.998796999 0.026238844 0.041425589 -0.018164577 -0.026042093 0.999646902 -0.005282131 -0.091763064 -0.041549560 0.004196968 0.999127626 -0.010199031
0.998899341 0.022052836 0.041398037 -0.018350683 -0.021119781 0.999515951 -0.022842292 -0.114889145 -0.041881736 0.021942832 0.998881578 -0.017422302
0.998867393 0.024240956 0.040942404 -0.018002674 -0.022688840 0.999021709 -0.037958156 -0.130384415 -0.041822493 0.036986228 0.998440206 -0.023367394
0.998820305 0.024542946 0.041900165 -0.017466182 -0.022501132 0.998568475 -0.048525475 -0.138570085 -0.043031141 0.047525428 0.997942686 -0.026745431
0.998500526 0.029560301 0.046074733 -0.016485482 -0.027183251 0.998308599 -0.051390715 -0.137338236 -0.047515929 0.050061196 0.997615218 -0.027140185
0.998213887 0.035141069 0.048312865 -0.015317993 -0.032897059 0.998377204 -0.046483271 -0.129110500 -0.049867935 0.044810895 0.997750044 -0.027067142
0.997864664 0.040974893 0.050864264 -0.013543992 -0.039163180 0.998579860 -0.036118645 -0.112222075 -0.052271988 0.034049515 0.998052239 -0.023251142
0.997901142 0.037945222 0.052473363 -0.011608988 -0.036735412 0.999040842 -0.023831479 -0.089146405 -0.053327322 0.021853829 0.998337924 -0.016376825
0.998097003 0.035120361 0.050684892 -0.010027248 -0.034623325 0.999343693 -0.010651532 -0.062946990 -0.051025711 0.008876381 0.998657882 -0.008649363
0.998305202 0.030277463 0.049699489 -0.008349581 -0.030304790 0.999540687 -0.000203779 -0.033789951 -0.049682830 -0.001302699 0.998764217 -0.000837867
0.998253703 0.033449270 0.048689988 -0.006221198 -0.033829473 0.999403059 0.007005356 -0.003038002 -0.048426598 -0.008640279 0.998789370 0.007567182
0.998492002 0.030025585 0.045957956 -0.003660672 -0.030519830 0.999483228 0.010090510 0.029432416 -0.045631234 -0.011477923 0.998892426 0.017040759
0.998761117 0.029678334 0.039942592 -0.002084501 -0.030228520 0.999455273 0.013241548 0.061906528 -0.039527848 -0.014432549 0.999114215 0.024067076
0.998891234 0.028268034 0.037646398 -0.000637944 -0.028961634 0.999418318 0.018007902 0.094917804 -0.037115451 -0.019078236 0.999128878 0.031249940
0.999127030 0.023853170 0.034296382 -0.000425330 -0.024803057 0.999312878 0.027542951 0.128435835 -0.033615831 -0.028369561 0.999032080 0.038793311
0.999021828 0.021320067 0.038740247 -0.000001811 -0.022900365 0.998904169 0.040816985 0.160588905 -0.037827574 -0.041664224 0.998415351 0.046807073
0.998943090 0.017249063 0.042604454 0.000294088 -0.019654129 0.998198211 0.056692954 0.190390587 -0.041549787 -0.057470389 0.997482240 0.054053146
0.998775244 0.017590851 0.046245195 0.000265474 -0.020974398 0.997057736 0.073729053 0.216526851 -0.044812173 -0.074608713 0.996205509 0.059620939
0.998777390 0.018883403 0.045685057 -0.000114113 -0.023000320 0.995554388 0.091337182 0.237573817 -0.043757200 -0.092276283 0.994771540 0.063979678
0.998964190 0.017568257 0.041974589 -0.001553778 -0.021937748 0.994122267 0.106017224 0.252912253 -0.039865334 -0.106828235 0.993478000 0.065861188
0.999067605 0.018659763 0.038932405 -0.003137978 -0.023120513 0.992807209 0.117470488 0.261306018 -0.036460400 -0.118261091 0.992312908 0.067524880
0.999170601 0.017974582 0.036537368 -0.004413977 -0.022391398 0.991989851 0.124317251 0.260888845 -0.034010150 -0.125032276 0.991569579 0.067046657
0.999254227 0.018682640 0.033792436 -0.005814502 -0.022825439 0.991679490 0.126691833 0.250743985 -0.031144327 -0.127368674 0.991366327 0.064189866
0.999324918 0.017768037 0.032155309 -0.008077802 -0.021550620 0.992369890 0.121398568 0.233037785 -0.029752947 -0.122009583 0.992082894 0.059967317
0.999373972 0.017385706 0.030811526 -0.010356409 -0.020637784 0.993872881 0.108585425 0.209245652 -0.028734906 -0.109153338 0.993609488 0.053231359
0.999385417 0.016718796 0.030809382 -0.012139599 -0.019523164 0.995465875 0.093094260 0.181537941 -0.029113265 -0.093638547 0.995180488 0.046499066
0.999205410 0.020980135 0.033887178 -0.013641000 -0.023652613 0.996474564 0.080492064 0.150632679 -0.032078974 -0.081229627 0.996179044 0.039544456
0.999060571 0.022040462 0.037312351 -0.014779776 -0.024627121 0.997218490 0.070347458 0.119071729 -0.035658076 -0.071200266 0.996824443 0.032328561
0.998706281 0.026823904 0.043200582 -0.014821926 -0.029561020 0.997510791 0.064018674 0.086474746 -0.041375816 -0.065212898 0.997013211 0.024492834
0.998481631 0.026600080 0.048237670 -0.014642942 -0.029449144 0.997802913 0.059347656 0.053568345 -0.046553034 -0.060678102 0.997071207 0.016177826
0.998385549 0.025786219 0.050610274 -0.014343522 -0.028545178 0.998101830 0.054570351 0.021595692 -0.049107045 -0.055926926 0.997226477 0.008511008
0.998251796 0.022134658 0.054803073 -0.013532605 -0.024774365 0.998541713 0.047965851 -0.011197243 -0.053661447 -0.049239710 0.997344434 0.001042789
0.997983634 0.017063174 0.061134897 -0.011972968 -0.019425986 0.999078751 0.038265582 -0.042579997 -0.060425643 -0.039376028 0.997395754 -0.005524252
0.997451067 0.013003640 0.070158683 -0.010162118 -0.014781632 0.999581099 0.024883050 -0.074495241 -0.069805719 -0.025856685 0.997225463 -0.012116191
0.997046292 0.008454171 0.076335847 -0.008525397 -0.009142541 0.999920607 0.008672696 -0.104092717 -0.076256461 -0.009344983 0.997044444 -0.019789655
0.996751785 0.008731994 0.080059960 -0.007504222 -0.008094172 0.999932885 -0.008287877 -0.129699588 -0.080126956 0.007612937 0.996755600 -0.026993120
0.996472001 0.009214127 0.083418719 -0.005825680 -0.007134740 0.999657214 -0.025190983 -0.148692563 -0.083622232 0.024506938 0.996196151 -0.031839378
0.996440530 0.012231831 0.083406776 -0.005705214 -0.009286394 0.999322593 -0.035611078 -0.162805840 -0.083785869 0.034709770 0.995879114 -0.038412172
0.996279836 0.014219431 0.084995866 -0.004172740 -0.010843823 0.999139011 -0.040045552 -0.169088513 -0.085492112 0.038974896 0.995576262 -0.040832743
0.995853245 0.018997548 0.088968381 -0.003488969 -0.015433383 0.999057114 -0.040579036 -0.166150779 -0.089655399 0.039037682 0.995207489 -0.038583454
0.995664537 0.023071466 0.090110302 -0.002838458 -0.019689716 0.999074578 -0.038239393 -0.155612126 -0.090909153 0.036299363 0.995197415 -0.036065646
0.995821238 0.024460737 0.087987438 -0.000542403 -0.021462554 0.999161661 -0.034861371 -0.137383223 -0.088766411 0.032827258 0.995511353 -0.029503349
0.995964468 0.024260864 0.086406782 -0.000174844 -0.021669626 0.999290586 -0.030801676 -0.116193376 -0.087092765 0.028804975 0.995783687 -0.024334267
0.996084154 0.024868419 0.084840648 0.001414618 -0.022723384 0.999399602 -0.026155924 -0.089355543 -0.085440166 0.024125634 0.996051192 -0.014239831
0.996511459 0.022866819 0.080262363 0.003727368 -0.021217212 0.999547005 -0.021345809 -0.060290415 -0.080714114 0.019568399 0.996545196 -0.004665875
0.996776938 0.026603136 0.075683281 0.005873885 -0.025548361 0.999562979 -0.014871090 -0.028522061 -0.076045819 0.012889575 0.997021019 0.004111991
0.996993065 0.027096065 0.072599418 0.007601777 -0.026554406 0.999611914 -0.008415942 0.004318526 -0.072799288 0.006462801 0.997325659 0.013467096
0.996912360 0.030942695 0.072168306 0.009952544 -0.031036261 0.999518216 0.000175211 0.038500134 -0.072128117 -0.002414504 0.997392476 0.022143329
0.996460319 0.033584874 0.077064373 0.012048682 -0.034573633 0.999335647 0.011531821 0.073616400 -0.076625876 -0.014155396 0.996959448 0.031744473
0.996987700 0.029949976 0.071543775 0.012626228 -0.032040652 0.999087095 0.028255440 0.106841654 -0.070632212 -0.030462636 0.997037172 0.039835911
0.997458458 0.020742305 0.068164401 0.012967022 -0.024154317 0.998476088 0.049618743 0.139337257 -0.067031324 -0.051139098 0.996439457 0.047808170
0.997887373 0.012179593 0.063815594 0.013442298 -0.016799515 0.997236669 0.072366133 0.169294313 -0.062757865 -0.073285319 0.995334446 0.055062145
0.998004377 0.005732293 0.062884420 0.014049967 -0.011577970 0.995599449 0.092992775 0.196296304 -0.062074631 -0.093535274 0.993678987 0.060995873
0.998022377 0.004106261 0.062725827 0.014573734 -0.010871197 0.994103134 0.107892565 0.220900267 -0.061912902 -0.108361095 0.992181778 0.066405818
0.997922957 0.009513183 0.063712165 0.015590262 -0.017012790 0.992841065 0.118225075 0.242233545 -0.062131356 -0.119063437 0.990940750 0.071526334
0.997976005 0.016158037 0.061504785 0.015273973 -0.023745367 0.991909623 0.124705642 0.259161174 -0.058992188 -0.125913695 0.990285635 0.073762342
0.998267651 0.019428531 0.055535797 0.014394763 -0.026373403 0.991527200 0.127193600 0.270772934 -0.052594069 -0.128437921 0.990321934 0.074827574
0.998605251 0.021091323 0.048401665 0.012484802 -0.027080663 0.991580188 0.126631066 0.276109993 -0.045323316 -0.127765194 0.990768313 0.074235968
0.998890460 0.020887932 0.042208597 0.011232571 -0.026109420 0.991531968 0.127210975 0.273409426 -0.039193999 -0.128171876 0.990977168 0.072710611
0.999021888 0.022276418 0.038196754 0.009963027 -0.026986055 0.991459966 0.127588972 0.263246268 -0.035028324 -0.128494963 0.991091371 0.069681831
0.999044001 0.023436286 0.036902625 0.008937829 -0.027963066 0.991461456 0.127366588 0.246284485 -0.033602528 -0.128276736 0.991168976 0.065912865
0.999009848 0.024646653 0.037038397 0.007310948 -0.029077562 0.991818964 0.124296792 0.223940969 -0.033671882 -0.125250712 0.991553545 0.060685799
0.998997033 0.024878917 0.037229009 0.006154003 -0.029185349 0.992344320 0.120003812 0.197970733 -0.033958431 -0.120969996 0.992075145 0.055222161
0.998813868 0.028097590 0.039765935 0.005458901 -0.032570120 0.992632329 0.116705723 0.168517739 -0.036193803 -0.117862478 0.992370129 0.050016478
0.998249114 0.034924556 0.047738750 0.005410166 -0.040122278 0.992823541 0.112657040 0.135599017 -0.043461658 -0.114375181 0.992486477 0.044467419
0.997718453 0.040037606 0.054358274 0.005962667 -0.045622557 0.993347943 0.105728015 0.100981191 -0.049763583 -0.107966758 0.992908239 0.037863806
0.997445047 0.041722167 0.057987999 0.005741584 -0.047134705 0.994327903 0.095343255 0.065654658 -0.053681161 -0.097832903 0.993754029 0.031439517
0.997284412 0.040719982 0.061365131 0.004890976 -0.045687940 0.995596290 0.081857681 0.028917935 -0.057761651 -0.084439032 0.994753063 0.024937322
0.997041106 0.039470099 0.065962806 0.004432542 -0.043741785 0.996950686 0.064621516 -0.008168234 -0.063211054 -0.067315638 0.995727360 0.018717123
0.996586382 0.037876096 0.073354982 0.003612597 -0.041140899 0.998205125 0.043519158 -0.043661594 -0.071574986 -0.046388492 0.996355951 0.011647435
0.996093512 0.038335547 0.079549082 0.002628460 -0.040200818 0.998949826 0.021979993 -0.078003153 -0.078622930 -0.025092067 0.996588588 0.003963034
0.995516121 0.038008384 0.086619988 0.002033327 -0.038310185 0.999264240 0.001823901 -0.108388700 -0.086486928 -0.005134150 0.996239781 -0.004106255
0.995189965 0.038775034 0.089963764 0.000959842 -0.037576538 0.999181509 -0.014978305 -0.136206090 -0.090470910 0.011525732 0.995832384 -0.011850582
0.995171428 0.034698788 0.091814302 -0.000132802 -0.032206882 0.999075234 -0.028485021 -0.158862174 -0.092717797 0.025390426 0.995368659 -0.018460082
0.995373726 0.032059953 0.090571992 -0.000674466 -0.028701071 0.998859882 -0.038147617 -0.174947932 -0.091691732 0.035371624 0.995159030 -0.023136238
0.995365322 0.026008530 0.092582323 -0.002260818 -0.022189440 0.998869300 -0.042043928 -0.188648596 -0.093571149 0.039794717 0.994816959 -0.029309604
0.995102763 0.023764092 0.095946431 -0.002164693 -0.019814715 0.998924971 -0.041907430 -0.190308854 -0.096839182 0.039801050 0.994503915 -0.029649727
0.994814754 0.020645434 0.099585712 -0.002134244 -0.016904563 0.999124706 -0.038263060 -0.187803477 -0.100288503 0.036381204 0.994293034 -0.027781513
0.994767129 0.019830514 0.100225583 -0.002619507 -0.016542759 0.999300838 -0.033528924 -0.179041877 -0.100820400 0.031695463 0.994399667 -0.024497543
0.994307935 0.018530190 0.104920931 -0.000430214 -0.015632207 0.999475062 -0.028375993 -0.162286893 -0.105391674 0.026574329 0.994075656 -0.017049594
0.993689358 0.019150382 0.110520206 0.001322356 -0.016797246 0.999612808 -0.022183482 -0.142652214 -0.110902235 0.020187054 0.993626297 -0.009742330
0.992833912 0.025099281 0.116836898 0.003249719 -0.023424011 0.999602497 -0.015689835 -0.120077945 -0.117184259 0.012840612 0.993027151 -0.002537296
0.992159009 0.030096976 0.121303812 0.006437168 -0.029084671 0.999525845 -0.010107567 -0.096167795 -0.121550508 0.006500232 0.992563963 0.005421630
0.991483867 0.039239682 0.124177016 0.008077801 -0.039025299 0.999229550 -0.004159364 -0.070644595 -0.124244563 -0.000722103 0.992251337 0.012634007
0.991221726 0.043053553 0.125003427 0.011813832 -0.043748893 0.999038577 0.002821467 -0.043926802 -0.124761775 -0.008265461 0.992152274 0.022353984
0.991867900 0.046132077 0.118616484 0.014636337 -0.047910661 0.998777270 0.012185296 -0.017942524 -0.117909312 -0.017769199 0.992865384 0.030212726
0.992386460 0.047902245 0.113465682 0.016239196 -0.050800312 0.998448849 0.022787556 0.008111277 -0.112198099 -0.028378153 0.993280530 0.035158698
0.993594825 0.048974644 0.101837307 0.017573524 -0.052752186 0.998003304 0.034736212 0.032633185 -0.099932775 -0.039885860 0.994194448 0.037582807
0.994935334 0.047373012 0.088653751 0.018776262 -0.051729564 0.997530580 0.047505505 0.054755792 -0.086184345 -0.051850922 0.994929016 0.038823918
0.996136367 0.043295156 0.076406017 0.018456645 -0.048050411 0.996947527 0.061536506 0.072988637 -0.073508561 -0.064970091 0.995176077 0.037079521
0.997278750 0.036996122 0.063768297 0.018324962 -0.041851167 0.996186078 0.076562427 0.088052690 -0.060692579 -0.079022855 0.995023489 0.033708081
0.997989357 0.030275874 0.055682782 0.018566618 -0.035352960 0.995077550 0.092578650 0.098414153 -0.052605789 -0.094361059 0.994147182 0.030183755
0.998654127 0.022293909 0.046828520 0.017760592 -0.027269460 0.993727505 0.108452894 0.106392264 -0.044116948 -0.109583922 0.992998004 0.026207391
0.999125183 0.014355930 0.039278775 0.017140569 -0.019249151 0.991692305 0.127184376 0.110769503 -0.037126608 -0.127829194 0.991101086 0.021427803
0.999401987 0.007834569 0.033679221 0.016438730 -0.012674155 0.989206016 0.145982400 0.112658344 -0.032171980 -0.146321952 0.988713741 0.016042208
0.999413729 0.002661585 0.034133308 0.016184941 -0.008331471 0.985910594 0.167065606 0.113685794 -0.033207729 -0.167252034 0.985354781 0.011959735
0.999174058 -0.002482793 0.040559389 0.015905840 -0.005306467 0.981612206 0.190812171 0.113786079 -0.040287338 -0.190869793 0.980788291 0.008572353
0.998548508 -0.005747787 0.053551979 0.016272528 -0.005925912 0.976528168 0.215308324 0.113513641 -0.053532559 -0.215313151 0.975076675 0.005741762
0.997744203 -0.011480222 0.066141784 0.015228875 -0.004507665 0.971587896 0.236636192 0.112624146 -0.066979192 -0.236400530 0.969344378 0.003119163
0.996947527 -0.017985264 0.075974457 0.013170455 -0.001988054 0.966941774 0.254989505 0.111358382 -0.078048930 -0.254362196 0.963954508 0.000352569
0.996499956 -0.023527596 0.080213971 0.010323299 0.000795393 0.962200165 0.272342145 0.109557889 -0.083589457 -0.271325141 0.958851099 -0.003583431
0.996358395 -0.028071377 0.080510765 0.008329831 0.003476480 0.956839979 0.290594608 0.109049588 -0.085193314 -0.289256483 0.953453064 -0.008243168
0.996080399 -0.034256604 0.081549883 0.006611501 0.007308840 0.950682461 0.310079664 0.108069442 -0.088150322 -0.308268249 0.947206557 -0.012894353
0.995816946 -0.039573599 0.082356371 0.005521342 0.010240229 0.943999767 0.329787195 0.108500428 -0.090795264 -0.327564329 0.940456212 -0.018240193
0.995572448 -0.046297107 0.081805274 0.004902500 0.014887195 0.936969578 0.349093616 0.108907506 -0.092811078 -0.346330136 0.933510303 -0.024163794
0.995561123 -0.047536626 0.081229828 0.005158981 0.014398299 0.929838836 0.367685288 0.109954499 -0.093009159 -0.364883631 0.926395833 -0.030212902
0.995603025 -0.047336351 0.080832593 0.006301445 0.012791996 0.923543930 0.383279204 0.110282987 -0.092795491 -0.380559921 0.920088649 -0.036440633
0.995908082 -0.046332542 0.077591471 0.008753008 0.011914031 0.918394983 0.395485401 0.110092446 -0.089583464 -0.392942667 0.915188968 -0.041336313
0.996177435 -0.045855448 0.074349433 0.011996314 0.012048162 0.915128410 0.402982444 0.108397216 -0.086518213 -0.400546253 0.912182689 -0.044992827
0.996161520 -0.047259387 0.073680557 0.016553327 0.013508986 0.914649129 0.404022813 0.106172644 -0.086485729 -0.401476622 0.911776721 -0.046955995
0.996322155 -0.046592657 0.071911298 0.021085626 0.014020174 0.916574597 0.399617791 0.103769228 -0.084531330 -0.397139877 0.913856864 -0.047942478
0.996585667 -0.047307346 0.067668423 0.025144463 0.017009772 0.919633389 0.392409295 0.102045961 -0.080793984 -0.389918447 0.917298198 -0.047696460
0.996852517 -0.046941798 0.063886568 0.029895049 0.018811528 0.922896147 0.384589225 0.100374058 -0.077013977 -0.382176936 0.920874357 -0.046341959
0.997057974 -0.044145804 0.062662497 0.033252418 0.017270768 0.925862253 0.377466232 0.099806368 -0.074680395 -0.375273496 0.923900783 -0.044639830
0.997430801 -0.038732123 0.060262788 0.035101358 0.013558145 0.928093910 0.372099251 0.099553593 -0.070341721 -0.370326191 0.926234603 -0.042636089
0.997754753 -0.035879888 0.056551863 0.036250439 0.012591441 0.929825962 0.367784142 0.099123552 -0.065779448 -0.366246313 0.928189993 -0.040531315
0.998181403 -0.029099198 0.052793603 0.037072409 0.007770213 0.930578351 0.366010308 0.098143749 -0.059779190 -0.364934444 0.929112077 -0.038275201
0.998370230 -0.026716512 0.050429825 0.038036168 0.006356330 0.930212438 0.366966575 0.097383440 -0.056714516 -0.366047949 0.928866148 -0.035921443
0.998555601 -0.022560753 0.048761778 0.039570410 0.002835817 0.928433299 0.371488363 0.096527599 -0.053653114 -0.370813519 0.927156210 -0.033251002
0.998664021 -0.019156246 0.047992256 0.042486884 -0.000278489 0.926739037 0.375705540 0.095928080 -0.051673405 -0.375216961 0.925495565 -0.031002190
0.998738229 -0.018221965 0.046796534 0.046340555 -0.000837007 0.925678313 0.378310680 0.095308766 -0.050212100 -0.377872527 0.924495041 -0.027988952
0.998701692 -0.019838098 0.046918508 0.052319888 0.000515464 0.924940526 0.380111545 0.094746180 -0.050937518 -0.379593849 0.923749924 -0.024992116
0.998616338 -0.022378622 0.047588509 0.060056519 0.002553725 0.924504578 0.381162316 0.093972914 -0.052525684 -0.380513370 0.923282504 -0.021790048
0.998467624 -0.024566997 0.049587369 0.069790594 0.003698229 0.923678398 0.383150846 0.092477523 -0.055215646 -0.382380337 0.922353804 -0.018376505
0.998329043 -0.027170060 0.050998989 0.080958791 0.005474539 0.923065841 0.384602994 0.091551773 -0.057525113 -0.383681148 0.921672225 -0.015309131
0.998132169 -0.031486757 0.052352160 0.093504667 0.008808088 0.922165275 0.386695743 0.090477496 -0.060453139 -0.385512352 0.920720160 -0.012168942
0.997960329 -0.036299828 0.052511383 0.108240113 0.013067935 0.921336710 0.388545930 0.089579001 -0.062484816 -0.387067229 0.919931829 -0.009843972
0.997741103 -0.040613834 0.053509373 0.124274194 0.016570911 0.920727849 0.389853388 0.088220522 -0.065101005 -0.388086021 0.919321001 -0.007711018
0.997394621 -0.044679407 0.056636784 0.141347229 0.019142486 0.920886934 0.389359474 0.086460970 -0.069552429 -0.387260884 0.919342935 -0.005584866
0.996943474 -0.049319718 0.060591497 0.159162611 0.022192869 0.922381878 0.385641217 0.083936185 -0.074908212 -0.383117765 0.920657098 -0.004194900
0.996371746 -0.054260314 0.065568164 0.177906618 0.025455991 0.925142825 0.378764778 0.081915185 -0.081211805 -0.375721395 0.923167408 -0.001972716
0.995616913 -0.061242174 0.070684507 0.197352484 0.030691084 0.927873731 0.371629387 0.079705402 -0.088345692 -0.367831141 0.925686419 0.000936206
0.994824767 -0.065714180 0.077493913 0.216422766 0.032772236 0.929460704 0.367462665 0.077095434 -0.096175052 -0.363021314 0.926804125 0.003421586
0.993989766 -0.070857376 0.083448268 0.234656230 0.035604827 0.930075705 0.365638405 0.076254182 -0.103521384 -0.360469669 0.927008629 0.005306747
0.993143141 -0.074723810 0.089905895 0.252456516 0.036595520 0.929117501 0.367969304 0.076568320 -0.111029208 -0.362156034 0.925481260 0.007220224
0.992107868 -0.078419887 0.097838014 0.269925028 0.036228050 0.926284611 0.375079155 0.077324659 -0.120039508 -0.368574500 0.921815276 0.008743364
0.990966797 -0.081067637 0.106830649 0.287012279 0.033926062 0.922237277 0.385132939 0.079296067 -0.129745021 -0.378029615 0.916656911 0.009976126
0.989730597 -0.087239265 0.113236949 0.301624417 0.035799958 0.918202162 0.394491076 0.081021726 -0.138389513 -0.386386007 0.911895931 0.011391163
0.989336669 -0.090388663 0.114205509 0.314285368 0.037320495 0.915273666 0.401100039 0.082740039 -0.140784204 -0.392560780 0.908887148 0.012499157
0.989195406 -0.090318926 0.115477152 0.325562745 0.036166042 0.913681090 0.404819608 0.084589384 -0.142072156 -0.396269321 0.907075584 0.013618246
0.989435673 -0.090030685 0.113628946 0.335258693 0.036564700 0.913433433 0.405342311 0.086428732 -0.140285730 -0.396905333 0.907075584 0.014440648
0.989524186 -0.090519249 0.112463921 0.342034191 0.037775334 0.914217353 0.403459668 0.088075310 -0.139337331 -0.394984722 0.908059537 0.015216708
0.989704311 -0.091681331 0.109908745 0.346659482 0.040306300 0.915362537 0.400608122 0.088857964 -0.137334630 -0.392053574 0.909633577 0.015740044
0.990032017 -0.091198526 0.107328825 0.348723859 0.041397505 0.916813374 0.397164285 0.089890122 -0.134621307 -0.388762206 0.911449969 0.016198471
0.990061522 -0.093221657 0.105299227 0.349407881 0.044483915 0.917882979 0.394350111 0.090605296 -0.133414343 -0.385746747 0.912907481 0.015948467
0.989921987 -0.094488777 0.105481505 0.347683519 0.045740165 0.918267906 0.393308908 0.091343075 -0.134023562 -0.384520382 0.913335502 0.015642457
0.989637434 -0.093676865 0.108822562 0.344480246 0.043516986 0.917904794 0.394407213 0.091472894 -0.136835575 -0.385584533 0.912469506 0.014650814
0.989524901 -0.092489421 0.110842809 0.338993758 0.041637123 0.918030858 0.394316703 0.090491056 -0.138227239 -0.385571033 0.912265420 0.013135485
0.989572346 -0.092342056 0.110541984 0.330968678 0.041778028 0.918477654 0.393259972 0.089361235 -0.137844771 -0.384540975 0.912757933 0.011243753
0.989835203 -0.091244735 0.109090015 0.320999444 0.041453581 0.918854296 0.392413557 0.088019371 -0.136043504 -0.383902609 0.913296759 0.008737002
0.990235329 -0.091857329 0.104862630 0.309003800 0.043559525 0.918428004 0.393182606 0.087843046 -0.132425472 -0.384775579 0.913461149 0.006083019
0.990948141 -0.088662513 0.100800738 0.295487970 0.041853562 0.917488575 0.395553976 0.088694021 -0.127554342 -0.387754589 0.912894428 0.003472518
0.991510272 -0.086709067 0.096896254 0.280662864 0.041195646 0.916283131 0.398407012 0.089507937 -0.123329908 -0.391032964 0.912076175 0.001410924
0.992058873 -0.085286714 0.092441224 0.264045089 0.041495305 0.915763378 0.399569213 0.090409108 -0.118732229 -0.392560303 0.912030160 -0.000983130
0.992664993 -0.083805464 0.087136857 0.245776147 0.042297974 0.915945351 0.399067700 0.091105781 -0.113256648 -0.392454833 0.912771702 -0.002905708
0.993340492 -0.080408216 0.082517564 0.226231828 0.041186370 0.916693747 0.397462279 0.091215946 -0.107602566 -0.391416788 0.913900733 -0.005613204
0.994037569 -0.076584101 0.077615485 0.205715746 0.040018063 0.918384254 0.393660873 0.091029294 -0.101429000 -0.388207674 0.915973246 -0.008453809
0.994705856 -0.073602811 0.071713626 0.184457541 0.040041808 0.920304656 0.389147729 0.089807466 -0.094640754 -0.384215981 0.918379664 -0.012053415
0.995438278 -0.068066090 0.066855483 0.162464157 0.037313852 0.922665417 0.383791894 0.088912323 -0.087808460 -0.379546493 0.920996249 -0.015083794
0.995930016 -0.064514309 0.062938951 0.139847130 0.035924524 0.924588323 0.379270166 0.087202176 -0.082660973 -0.375465482 0.923142910 -0.018387163
0.996282339 -0.062577173 0.059208062 0.116714559 0.035713624 0.925455153 0.377170116 0.085395232 -0.078396641 -0.373653382 0.924249470 -0.021206353
0.996661007 -0.059854731 0.055536099 0.092958279 0.034586605 0.925611377 0.376891762 0.085049972 -0.073963597 -0.373712510 0.924590886 -0.023737295
0.997209430 -0.054728761 0.050775580 0.068859175 0.031470995 0.924920678 0.378855228 0.085301921 -0.067697667 -0.376200020 0.924062014 -0.026176710
0.997621059 -0.051462289 0.045868341 0.044604246 0.029990017 0.923095286 0.383400112 0.085581526 -0.062071498 -0.381112427 0.922442675 -0.028717680
0.998025298 -0.046050075 0.042718347 0.020168405 0.026022227 0.922103941 0.386066288 0.087303467 -0.057169136 -0.384192288 0.921481371 -0.030420262
0.998281479 -0.041152187 0.041720368 -0.004099509 0.021843823 0.921942711 0.386709809 0.088468187 -0.054377746 -0.385133892 0.921257257 -0.032121450
0.998427272 -0.039476238 0.039807074 -0.028243555 0.021120882 0.922598124 0.385183811 0.089668125 -0.051931541 -0.383737266 0.921980917 -0.033795804
0.998620033 -0.037710644 0.036550175 -0.052362874 0.020857083 0.923518836 0.382985622 0.091020092 -0.048197407 -0.381694794 0.923030913 -0.035303585
0.998779953 -0.035709567 0.034109574 -0.075685948 0.020079883 0.924717426 0.380124241 0.093179986 -0.045115791 -0.378975540 0.924306273 -0.036938608
0.998977304 -0.032850992 0.031067470 -0.099138580 0.018667549 0.925475121 0.378348112 0.094459735 -0.041181281 -0.377381235 0.925141871 -0.038638264
0.999108613 -0.030433979 0.029253609 -0.122481532 0.017186640 0.926214337 0.376605392 0.096462585 -0.038556714 -0.375766933 0.925911784 -0.040498022
0.999322236 -0.028540943 0.023248641 -0.145478934 0.017660884 0.925851643 0.377474308 0.098780543 -0.032298263 -0.376807868 0.925728202 -0.041686803
0.999557316 -0.025352214 0.015569890 -0.166824162 0.017525492 0.924631357 0.380459845 0.102253146 -0.024041908 -0.380018562 0.924666345 -0.043369990
0.999736011 -0.021247761 0.008745664 -0.186474979 0.016224364 0.922306359 0.386118799 0.106011815 -0.016270341 -0.385874957 0.922407627 -0.044115439
0.999822915 -0.018818419 0.000193502 -0.204323620 0.017232662 0.919607162 0.392461032 0.109061770 -0.007563442 -0.392388165 0.919768631 -0.045274794
0.999808013 -0.017630719 -0.008552376 -0.221407190 0.019576149 0.918081760 0.395907432 0.111913390 0.000871648 -0.395998836 0.918250620 -0.046314370
0.999706388 -0.016234292 -0.017989552 -0.235980809 0.022021493 0.918444455 0.394936532 0.114152089 0.010110890 -0.395216733 0.918532252 -0.047990389
0.999581099 -0.015060897 -0.024714386 -0.248021394 0.023508115 0.920609891 0.389775276 0.114934638 0.016881943 -0.390192986 0.920578301 -0.049227759
0.999462306 -0.013264544 -0.029986542 -0.258381903 0.023763280 0.923160911 0.383678585 0.115166552 0.022593081 -0.384184837 0.922979712 -0.050397474
0.999293745 -0.012535186 -0.035424002 -0.265692979 0.024979224 0.925866902 0.377023190 0.114874803 0.028071856 -0.377641767 0.925526142 -0.051295850
0.999230385 -0.011512151 -0.037497628 -0.269525409 0.024685327 0.927476466 0.373065740 0.114449076 0.030483380 -0.373704255 0.927046895 -0.052249417
0.999256968 -0.009563564 -0.037336465 -0.270063609 0.022772430 0.928051412 0.371755302 0.113893107 0.031094855 -0.372329324 0.927579641 -0.053457499
0.999357045 -0.007082960 -0.035146467 -0.267433077 0.019701671 0.927509308 0.373280555 0.113318853 0.029954745 -0.373733014 0.927052498 -0.054953370
0.999498367 -0.007197803 -0.030840872 -0.261663824 0.018259576 0.926644266 0.375495672 0.112553120 0.025875771 -0.375870466 0.926310897 -0.056238309
0.999659598 -0.006706128 -0.025213210 -0.252960086 0.015717801 0.926140368 0.376851439 0.111866593 0.020823758 -0.377119452 0.925930500 -0.057326283
0.999821484 -0.007064737 -0.017524103 -0.241389662 0.013152125 0.926108837 0.377027094 0.110410117 0.013565630 -0.377190262 0.926036417 -0.058690220
0.999927998 -0.006017728 -0.010383069 -0.227189392 0.009470494 0.927084863 0.374731928 0.108895198 0.007370951 -0.374803275 0.927075088 -0.060481399
0.999973655 -0.006454635 -0.003316423 -0.210723877 0.007225120 0.928205669 0.371997297 0.107088253 0.000677216 -0.372011453 0.928227901 -0.061790809
0.999974489 -0.006428069 0.003107269 -0.193181530 0.004828914 0.929488242 0.368820101 0.105264969 -0.005258971 -0.368795693 0.929495633 -0.062830985
0.999924541 -0.007880650 0.009426286 -0.173827425 0.003872399 0.930240273 0.366930544 0.103777833 -0.011660363 -0.366866320 0.930200577 -0.063845336
0.999848187 -0.009606394 0.014538901 -0.152946815 0.003595808 0.930107117 0.367270797 0.102824897 -0.017050883 -0.367162764 0.930000424 -0.063764542
0.999712229 -0.013874755 0.019569295 -0.131306484 0.005653482 0.929056525 0.369894624 0.102170333 -0.023313178 -0.369677544 0.928867579 -0.063434750
0.999622643 -0.018379156 0.020415293 -0.109154366 0.009377537 0.926870883 0.375263095 0.101414762 -0.025819359 -0.374930054 0.926693499 -0.062722817
0.999479115 -0.023284437 0.022345537 -0.086614318 0.013007034 0.924326479 0.381380945 0.101100743 -0.029534813 -0.380891651 0.924147844 -0.061746079
0.999361753 -0.025944524 0.024554893 -0.062800899 0.014462712 0.922395110 0.385976851 0.100999974 -0.032663297 -0.385375381 0.922181606 -0.060337819
0.999246120 -0.027132817 0.027767755 -0.038609114 0.014239420 0.921531558 0.388042241 0.101301245 -0.036117543 -0.387354285 0.921223223 -0.058636092
0.999223590 -0.027957927 0.027759036 -0.014742387 0.015010102 0.921587050 0.387881458 0.101569131 -0.036426730 -0.387163639 0.921291173 -0.056423482
0.999236584 -0.029332764 0.025803234 0.008454660 0.017079454 0.922029018 0.386743873 0.100769639 -0.035135597 -0.386007905 0.921826124 -0.054572038
0.999245644 -0.030862195 0.023572417 0.031209504 0.019406077 0.922596693 0.385277539 0.100328900 -0.033638343 -0.384529442 0.922499657 -0.052340463
0.999150872 -0.034063704 0.023177302 0.052898571 0.022511262 0.922494709 0.385352820 0.099473566 -0.034507483 -0.384503871 0.922478199 -0.050011639
0.999062121 -0.036144484 0.023841124 0.073810458 0.024124114 0.921885788 0.386709929 0.099075221 -0.035956226 -0.385772109 0.921893179 -0.047487419
0.998903990 -0.039396849 0.025273301 0.093880847 0.026473157 0.920822859 0.389081568 0.099417917 -0.038600821 -0.387986064 0.920856535 -0.044677861
0.998757958 -0.040851738 0.028525949 0.111728519 0.026454173 0.919926465 0.391197473 0.100833610 -0.042222872 -0.389956951 0.919864535 -0.042023186
0.998512745 -0.043609533 0.032718115 0.127314836 0.027210658 0.918680191 0.394063860 0.102142148 -0.047242422 -0.392587513 0.918500543 -0.039144117
0.998260379 -0.046271089 0.036540024 0.140572190 0.028105691 0.918263495 0.394971132 0.104494050 -0.051829115 -0.393257052 0.917966545 -0.036109790
0.998000324 -0.050037026 0.038622357 0.151455373 0.030724719 0.918000877 0.395386398 0.107080862 -0.055239312 -0.393409073 0.917702496 -0.032581311
0.997747421 -0.051182538 0.043363418 0.162188977 0.030023437 0.918775499 0.393637151 0.109702140 -0.059988592 -0.391448557 0.918242574 -0.028515646
0.996979296 -0.054344676 0.055488259 0.171320155 0.028650885 0.921378911 0.387608111 0.111845285 -0.072190151 -0.384847462 0.920152724 -0.023178289
0.995713174 -0.058614269 0.071551286 0.179396555 0.027489627 0.926151514 0.376148492 0.114151686 -0.088315003 -0.372569114 0.923792601 -0.017492626
0.994455516 -0.060650673 0.085905343 0.185458645 0.025900507 0.933017433 0.358897746 0.116002984 -0.101918571 -0.354682863 0.929415226 -0.011836793
0.993471265 -0.059154030 0.097547926 0.190313429 0.022689456 0.940436780 0.339210689 0.117371291 -0.111803338 -0.334782779 0.935639083 -0.006651986
0.992296100 -0.057583746 0.109692954 0.194222286 0.019668622 0.947408736 0.319421113 0.117325976 -0.122317530 -0.314802796 0.941242576 -0.001993157
0.990815341 -0.056478057 0.122862555 0.197256610 0.017365547 0.954221010 0.298597872 0.116514742 -0.134102255 -0.293721765 0.946437597 0.002127949
0.989438593 -0.056789126 0.133365303 0.199941933 0.017107397 0.959379494 0.281599522 0.114992768 -0.143939734 -0.276343882 0.950218618 0.005701058
0.988004506 -0.059870943 0.142346784 0.203561246 0.019168451 0.962203205 0.271656990 0.113018543 -0.153230891 -0.265669763 0.951808751 0.009786889
0.986496806 -0.067627221 0.149166495 0.206938088 0.024962330 0.962213278 0.271150380 0.111486219 -0.161867127 -0.263765424 0.950908422 0.013704199
0.984752476 -0.075920746 0.156520352 0.211446673 0.029757107 0.959995091 0.278431237 0.109736197 -0.171397477 -0.269528270 0.947616696 0.018912237
0.982441843 -0.086668417 0.165216953 0.217688054 0.036376555 0.957541287 0.285992086 0.107747331 -0.182988539 -0.274960548 0.943881273 0.025969476
0.980038166 -0.096670799 0.173723921 0.224676803 0.042091373 0.954904079 0.293915749 0.105554543 -0.194302753 -0.280736357 0.939911425 0.034981579
0.977704465 -0.106249161 0.181121767 0.231986314 0.047345378 0.951873362 0.302812636 0.102705225 -0.204578578 -0.287485987 0.935681283 0.044181257
0.975885928 -0.113088362 0.186702207 0.239013210 0.050178241 0.948647439 0.312330246 0.100524910 -0.212435484 -0.295430303 0.931446254 0.054849975
0.974891126 -0.117607802 0.189091638 0.245732635 0.051611159 0.945368052 0.321893662 0.097344466 -0.216618404 -0.304052055 0.927700818 0.065987423
0.974922717 -0.119349219 0.187833667 0.250727236 0.052017525 0.942860305 0.329102755 0.094505027 -0.216379061 -0.311079085 0.925424159 0.077630468
0.975177169 -0.124746941 0.182941750 0.253861964 0.057257008 0.940162539 0.335881054 0.090518847 -0.213895112 -0.317068845 0.923967659 0.090977840
0.976725161 -0.125409111 0.174013004 0.255051404 0.059656899 0.938088894 0.341218740 0.085760973 -0.206031606 -0.322895855 0.923736572 0.104549736
0.978767991 -0.122756913 0.164146259 0.253370851 0.060430314 0.938050270 0.341188967 0.080671437 -0.195860744 -0.324025422 0.925551772 0.119674496
0.981667817 -0.116403610 0.150925562 0.249943867 0.059815064 0.939987957 0.335923731 0.074978784 -0.180970952 -0.320737869 0.929718614 0.134041309
0.984690070 -0.106269822 0.138174370 0.243378535 0.056051198 0.943608582 0.326283753 0.069615677 -0.165056646 -0.313543528 0.935118556 0.149500191
0.987840116 -0.094876140 0.123168334 0.234951854 0.051555566 0.947288930 0.316205174 0.064249739 -0.146676332 -0.306010127 0.940661371 0.164626837
0.990757585 -0.081095919 0.108732730 0.224235088 0.043927304 0.950226903 0.308446378 0.059901252 -0.128334507 -0.300819278 0.945006907 0.179595158
0.993402958 -0.068074726 0.092284307 0.210949421 0.037118703 0.952297091 0.302906662 0.056279067 -0.108502366 -0.297482908 0.948541582 0.193350315
0.995914280 -0.055912197 0.070912279 0.194979876 0.032069214 0.953062356 0.301070899 0.053332090 -0.084417358 -0.297566682 0.950961471 0.205949858
0.997904062 -0.044745140 0.046747543 0.175735369 0.028606251 0.953020871 0.301550776 0.050548483 -0.058044314 -0.299581498 0.952303410 0.216128707
0.999230385 -0.034778286 0.018140586 0.152727798 0.027634799 0.952379286 0.303660959 0.050461572 -0.027837526 -0.302925944 0.952607453 0.224490985
0.999671936 -0.023405112 -0.010405143 0.127879292 0.025475055 0.950746059 0.308922201 0.050494492 0.002662289 -0.309085935 0.951030374 0.228745669
0.999224067 -0.012162363 -0.037460532 0.100358903 0.023346053 0.948921978 0.314645946 0.051422872 0.031720284 -0.315276355 0.948469639 0.229653075
0.997827828 -0.001147802 -0.065866023 0.071269773 0.022216571 0.947136164 0.320061654 0.053497143 0.062016726 -0.320829749 0.945104361 0.225948200
0.995707452 0.011290518 -0.091865063 0.040844984 0.019295730 0.945401728 0.325335622 0.056656644 0.090522595 -0.325711697 0.941125691 0.219597071
0.992985249 0.026002174 -0.115343846 0.009926844 0.013447701 0.944353461 0.328657418 0.060527723 0.117471166 -0.327903092 0.937379360 0.209029540
0.989475310 0.034654669 -0.140490994 -0.021314258 0.014028702 0.943351388 0.331498712 0.064579137 0.144020349 -0.329980671 0.932936728 0.195295200
0.985903800 0.038093567 -0.162918881 -0.051671296 0.018525444 0.942895293 0.332573801 0.068087712 0.166284353 -0.330903918 0.928898335 0.177837953
