[LEFT_CAM_2K]
fx = 1398.54
fy = 1398.54
cx = 1157.06
cy = 657.515
k1 = -0.17
k2 = 0.0229675


[RIGHT_CAM_2K]
fx = 1401.81
fy = 1401.81
cx = 1163.28
cy = 693.612
k1 = -0.172008
k2 = 0.0255984


[LEFT_CAM_FHD]
fx = 1398.54
fy = 1398.54
cx = 1013.06
cy = 576.515
k1 = -0.17
k2 = 0.0229675


[RIGHT_CAM_FHD]
fx = 1401.81
fy = 1401.81
cx = 1019.28
cy = 612.612
k1 = -0.172008
k2 = 0.0255984


[LEFT_CAM_HD]
fx = 928.7104
fy = 927.9757
cx = 678.2518
cy = 380.6965
k1 = 0.1250
k2 = -0.3749


[RIGHT_CAM_HD]
fx = 930.1579
fy = 929.3832
cx = 668.2909
cy = 397.8207
k1 = 0.1195
k2 = -0.3042


[LEFT_CAM_VGA]
fx = 451.7326
fy = 451.7871
cx = 354.8480
cy = 207.2829
k1 = 0.4427
k2 = -0.2038


[RIGHT_CAM_VGA]
fx = 452.2119
fy = 452.0802
cx = 347.9637
cy = 205.0918
k1 = 0.4311
k2 = 0.0282


[STEREO]
Baseline = 119.7262
CV_2K = 0.0146823
CV_FHD = 0.0146823
CV_HD = 0.0146823
CV_VGA = 0.0146823
RX_2K = 0.00872815
RX_FHD = 0.00872815
RX_HD = 0.00872815
RX_VGA = 0.00872815
RZ_2K = -0.00121669
RZ_FHD = -0.00121669
RZ_HD = -0.00121669
RZ_VGA = -0.00121669
